# Created by Octave 5.2.0, Sat Jan 30 08:08:04 2021 -03 <kuroneko@kuroneko-VirtualBox>
# name: xJacobi
# type: sparse matrix
# nnz: 100
# rows: 1
# columns: 100
1 1 1.0151350233206395
1 2 0.52534933935905204
1 3 1.023846941968342
1 4 0.47792869607809424
1 5 1.0359180691801442
1 6 0.42960661589043392
1 7 1.0513991680812838
1 8 0.38068674016658433
1 9 1.0702819754449324
1 10 0.33146992818566928
1 11 1.0925010555605772
1 12 0.28224850286093106
1 13 1.1179372090143791
1 14 0.23330101979523923
1 15 1.1464220784449344
1 16 0.18488812837087087
1 17 1.177743766607908
1 18 0.13724903403070474
1 19 1.211653138513541
1 20 0.090599220684923654
1 21 1.2478705243966037
1 22 0.045128768476239145
1 23 1.2860924940262648
1 24 0.0010017125654753266
1 25 1.3259985929881093
1 26 -0.041643787710411224
1 27 1.3672576171592903
1 28 -0.082694573769147683
1 29 1.409533445334425
1 30 -0.12206126798933013
1 31 1.4524903001646254
1 32 -0.15967641809700103
1 33 1.4957973390608117
1 34 -0.19549207828878526
1 35 1.5391323369263559
1 36 -0.22947742132845708
1 37 1.5821849077191765
1 38 -0.26161657224412255
1 39 1.6246589080971974
1 40 -0.29190545664065859
1 41 1.6662740518220982
1 42 -0.32035007096214391
1 43 1.7067673581844223
1 44 -0.3469639498876112
1 45 1.7458938816179139
1 46 -0.37176614164411609
1 47 1.7834273183151315
1 48 -0.39477980015332831
1 49 1.8191599490072436
1 50 -0.41603026023821277
1 51 1.8529027480999227
1 52 -0.4355440105599383
1 53 1.8844852124958251
1 54 -0.45334773879147422
1 55 1.9137551973428573
1 56 -0.4694680444134014
1 57 1.9405792552748349
1 58 -0.48393090192283156
1 59 1.9648423571626921
1 60 -0.49676175628921293
1 61 1.986448544131511
1 62 -0.50798531230541699
1 63 2.0053216508680767
1 64 -0.51762592495180926
1 65 2.0214061201022138
1 66 -0.52570864709486376
1 67 2.0346689700207325
1 68 -0.53225998636487071
1 69 2.0451016880877679
1 70 -0.53730864050952298
1 71 2.0527231853579968
1 72 -0.54088721317705113
1 73 2.0575833221462418
1 74 -0.54303332117455894
1 75 2.0597672359996717
1 76 -0.54379205121458185
1 77 2.0594007316981395
1 78 -0.54321821473276988
1 79 2.0566567948363383
1 80 -0.54137870323325366
1 81 2.0517625954407186
1 82 -0.53835528967201107
1 83 2.045007770292766
1 84 -0.53424859309943751
1 85 2.0367542955872469
1 86 -0.52918128106919959
1 87 2.0274471114196544
1 88 -0.52330312546019764
1 89 2.0176259004498251
1 90 -0.51679538932439817
1 91 2.0079382221446926
1 92 -0.50987648215884596
1 93 1.9991538314577486
1 94 -0.50280799529974396
1 95 1.9921796900428159
1 96 -0.49590147922456873
1 97 1.9880765747647298
1 98 -0.48952635773924247
1 99 1.9880765747647298
1 100 -0.48411776530010214


# name: erJacobi
# type: matrix
# rows: 1
# columns: 100
 -0.010072352023488726 -0.0057092033546075078 -0.010946155526923336 -0.0068002496204524763 -0.011779233249905064 -0.0080202455153161392 -0.012564380866589087 -0.0093985961958981557 -0.013296950494665571 -0.010983754951334291 -0.013974820120574376 -0.01285955951597877 -0.014598162992030192 -0.015181174367685344 -0.015169050556165057 -0.018265082009887246 -0.015690971924298209 -0.022860185180655693 -0.016168332712205833 -0.03124044053401321 -0.016605989045475909 -0.054992418652761513 -0.01700885215688086 -0.11964918587713337 -0.017381591635778015 0.032151373894092589 -0.017728425886962777 0.0098301454236251421 -0.018053006588913411 0.0017769512420128246 -0.018358375415028546 -0.0026323952492031898 -0.01864697573465832 -0.0055554068283213028 -0.018920696558032406 -0.0077145205896697626 -0.019180947444218537 -0.0094194971791032762 -0.019428738110732993 -0.010825034007318978 -0.019664757365401749 -0.012016998668930965 -0.019889455341943019 -0.013047028141142039 -0.020103113126241006 -0.013948267309734627 -0.020305904469771964 -0.014743218445831194 -0.020497943648964775 -0.015447968483945394 -0.020679328553689393 -0.016074574107032884 -0.020850173624769573 -0.016632479641742713 -0.021010635823355526 -0.017129379668634034 -0.021160939619556528 -0.017571777642868585 -0.021301388532297884 -0.01796534423240843 -0.021432382850395556 -0.018315172508344621 -0.021554428614588849 -0.018625950816293341 -0.021668141430823823 -0.018902078555885743 -0.021774252652704301 -0.019147763767653196 -0.021873603492179369 -0.019367104778840509 -0.02196713646093915 -0.019564136513871566 -0.022055874669328665 -0.01974288108626255 -0.022140888700111785 -0.019907354846832547 -0.022223250461358153 -0.020061565898713878 -0.022303966624643574 -0.020209490199834992 -0.02238388447083808 -0.020355011486763303 -0.022463571919702725 -0.020501797406639353 -0.022543170156354181 -0.020653147764677506 -0.022622206263834713 -0.020811734427242316 -0.022699369085289411 -0.020979279117726662 -0.022772253253017519 -0.02115610170233663 -0.022837077256385379 -0.021340546976918812 -0.022888388672136859 -0.021528277891908254 -0.022918801154893222 -0.021711446956728834 -0.022918801154893222 -0.021877854419741709


# name: kJacobi
# type: scalar
50


# name: tol
# type: scalar
9.9999999999999998e-200


# name: kmax
# type: scalar
50


# name: b
# type: matrix
# rows: 100
# columns: 1
 -111.40961899999991
 -102.29527350000001
 -8.762185000000045
 0.88104489999994939
 -9.116170000000011
 1.0580711000000065
 -9.4714069999999992
 1.2356998999999291
 -9.8269080000000031
 1.4135242999999491
 -10.182068000000072
 1.5910361999999623
 -10.535869999999989
 1.767925499999933
 -10.887480000000039
 1.9436809000000039
 -11.236060000000009
 2.1179890999999884
 -11.580769999999973
 2.2903355999999917
 -11.920669999999973
 2.460303999999951
 -12.255029999999977
 2.6274765999999659
 -12.582809999999995
 2.7914336999999705
 -12.903200000000027
 2.9516545000000178
 -13.215390000000014
 3.1077164000000153
 -13.518590000000074
 3.2592954999999506
 -13.811829999999986
 3.4059665000000336
 -14.094480000000033
 3.5472025000000258
 -14.365720000000067
 3.6828755999999885
 -14.624669999999981
 3.8123564999999076
 -14.870779999999968
 3.9354147000000239
 -15.103350000000091
 4.0517189000000258
 -15.321790000000021
 4.1608365999999819
 -15.525379999999984
 4.2626344999999901
 -15.71363000000008
 4.3567785999999273
 -15.886009999999999
 4.4430340000000115
 -16.042030000000011
 4.5210655999999858
 -16.181440000000066
 4.5907376999999769
 -16.303650000000005
 4.6518142000000466
 -16.408540000000073
 4.7042589000000135
 -16.495810000000006
 4.7479356999999709
 -16.565140000000042
 4.7826082999999926
 -16.616550000000075
 4.8082408999999871
 -16.649819999999977
 4.8248977000000082
 -16.664989999999989
 4.8324436999999421
 -16.662040000000104
 4.8310442999999736
 -16.641009999999994
 4.8205655999999522
 -16.602110000000039
 4.8010748999999464
 -16.545559999999966
 4.7727399999999989
 -16.471459999999979
 4.7357301999999777
 -16.380060000000014
 4.6900157999999692
 -16.271849999999972
 4.6359686000000124
 -16.147160000000042
 4.5735616999999706
 -16.006360000000029
 4.5031700000000114
 -15.849969999999985
 4.4249697999999853
 -15.678539999999998
 4.3392393999999399
 -15.492450000000019
 4.2462587999999641
 -15.292439999999999
 4.1462098999999739
 -15.079139999999995
 4.0395767999999634
 -3.3358719999999997e-17
 -3.5


# name: a
# type: sparse matrix
# nnz: 396
# rows: 100
# columns: 100
1 1 -1063.761
2 1 0.18072650000000001
3 1 504.69999999999999
1 2 -8.0486190000000004
2 2 -1062.876
4 2 504.69999999999999
1 3 960.39999999999998
3 3 -960.78390000000002
4 3 0.1919449
5 3 504.69999999999999
2 4 960.39999999999998
3 4 -8.378285
4 4 -959.71090000000004
6 4 504.69999999999999
3 5 455.69999999999999
5 5 -960.80709999999999
6 5 0.2035711
7 5 504.69999999999999
4 6 455.69999999999999
5 6 -8.7090700000000005
6 6 -959.54549999999995
8 6 504.69999999999999
5 7 455.69999999999999
7 7 -960.83119999999997
8 7 0.21559990000000001
9 7 504.69999999999999
6 8 455.69999999999999
7 8 -9.0402070000000005
8 8 -959.37990000000002
10 8 504.69999999999999
7 9 455.69999999999999
9 9 -960.85599999999999
10 9 0.22802430000000001
11 9 504.69999999999999
8 10 455.69999999999999
9 10 -9.370908
10 10 -959.21450000000004
12 10 504.69999999999999
9 11 455.69999999999999
11 11 -960.88170000000002
12 11 0.2408362
13 11 504.69999999999999
10 12 455.69999999999999
11 12 -9.7003679999999992
12 12 -959.0498
14 12 504.69999999999999
11 13 455.69999999999999
13 13 -960.90809999999999
14 13 0.25402550000000002
15 13 504.69999999999999
12 14 455.69999999999999
13 14 -10.02777
14 14 -958.88610000000006
16 14 504.69999999999999
13 15 455.69999999999999
15 15 -960.93520000000001
16 15 0.26758090000000001
17 15 504.69999999999999
14 16 455.69999999999999
15 16 -10.35228
16 16 -958.72389999999996
18 16 504.69999999999999
15 17 455.69999999999999
17 17 -960.96299999999997
18 17 0.28148909999999999
19 17 504.69999999999999
16 18 455.69999999999999
17 18 -10.67306
18 18 -958.56349999999998
20 18 504.69999999999999
17 19 455.69999999999999
19 19 -960.99149999999997
20 19 0.29573559999999999
21 19 504.69999999999999
18 20 455.69999999999999
19 20 -10.989269999999999
20 20 -958.40539999999999
22 20 504.69999999999999
19 21 455.69999999999999
21 21 -961.02059999999994
22 21 0.31030400000000002
23 21 504.69999999999999
20 22 455.69999999999999
21 22 -11.30007
22 22 -958.25
24 22 504.69999999999999
21 23 455.69999999999999
23 23 -961.05039999999997
24 23 0.32517659999999998
25 23 504.69999999999999
22 24 455.69999999999999
23 24 -11.60463
24 24 -958.09770000000003
26 24 504.69999999999999
23 25 455.69999999999999
25 25 -961.08069999999998
26 25 0.34033370000000002
27 25 504.69999999999999
24 26 455.69999999999999
25 26 -11.90211
26 26 -957.94889999999998
28 26 504.69999999999999
25 27 455.69999999999999
27 27 -961.11149999999998
28 27 0.35575449999999997
29 27 504.69999999999999
26 28 455.69999999999999
27 28 -12.191700000000001
28 28 -957.80409999999995
30 28 504.69999999999999
27 29 455.69999999999999
29 29 -961.14279999999997
30 29 0.37141639999999998
31 29 504.69999999999999
28 30 455.69999999999999
29 30 -12.47259
30 30 -957.66369999999995
32 30 504.69999999999999
29 31 455.69999999999999
31 31 -961.17460000000005
32 31 0.38729550000000001
33 31 504.69999999999999
30 32 455.69999999999999
31 32 -12.74399
32 32 -957.52800000000002
34 32 504.69999999999999
31 33 455.69999999999999
33 33 -961.20669999999996
34 33 0.40336650000000002
35 33 504.69999999999999
32 34 455.69999999999999
33 34 -13.005129999999999
34 34 -957.39739999999995
36 34 504.69999999999999
33 35 455.69999999999999
35 35 -961.23919999999998
36 35 0.41960249999999999
37 35 504.69999999999999
34 36 455.69999999999999
35 36 -13.255280000000001
36 36 -957.27239999999995
38 36 504.69999999999999
35 37 455.69999999999999
37 37 -961.27200000000005
38 37 0.43597560000000002
39 37 504.69999999999999
36 38 455.69999999999999
37 38 -13.49372
38 38 -957.15309999999999
40 38 504.69999999999999
37 39 455.69999999999999
39 39 -961.30489999999998
40 39 0.45245649999999998
41 39 504.69999999999999
38 40 455.69999999999999
39 40 -13.71977
40 40 -957.04010000000005
42 40 504.69999999999999
39 41 455.69999999999999
41 41 -961.33799999999997
42 41 0.46901470000000001
43 41 504.69999999999999
40 42 455.69999999999999
41 42 -13.932779999999999
42 42 -956.93359999999996
44 42 504.69999999999999
41 43 455.69999999999999
43 43 -961.37120000000004
44 43 0.48561890000000002
45 43 504.69999999999999
42 44 455.69999999999999
43 44 -14.132149999999999
44 44 -956.83389999999997
46 44 504.69999999999999
43 45 455.69999999999999
45 45 -961.40449999999998
46 45 0.50223660000000003
47 45 504.69999999999999
44 46 455.69999999999999
45 46 -14.31729
46 46 -956.7414
48 46 504.69999999999999
45 47 455.69999999999999
47 47 -961.43769999999995
48 47 0.51883449999999998
49 47 504.69999999999999
46 48 455.69999999999999
47 48 -14.487679999999999
48 48 -956.65620000000001
50 48 504.69999999999999
47 49 455.69999999999999
49 49 -961.47080000000005
50 49 0.53537860000000004
51 49 504.69999999999999
48 50 455.69999999999999
49 50 -14.64283
50 50 -956.57860000000005
52 50 504.69999999999999
49 51 455.69999999999999
51 51 -961.50369999999998
52 51 0.55183400000000005
53 51 504.69999999999999
50 52 455.69999999999999
51 52 -14.782310000000001
52 52 -956.50879999999995
54 52 504.69999999999999
51 53 455.69999999999999
53 53 -961.53629999999998
54 53 0.56816560000000005
55 53 504.69999999999999
52 54 455.69999999999999
53 54 -14.90573
54 54 -956.44709999999998
56 54 504.69999999999999
53 55 455.69999999999999
55 55 -961.56870000000004
56 55 0.58433769999999996
57 55 504.69999999999999
54 56 455.69999999999999
55 56 -15.012740000000001
56 56 -956.39359999999999
58 56 504.69999999999999
55 57 455.69999999999999
57 57 -961.60059999999999
58 57 0.60031420000000002
59 57 504.69999999999999
56 58 455.69999999999999
57 58 -15.10305
58 58 -956.34849999999994
60 58 504.69999999999999
57 59 455.69999999999999
59 59 -961.63210000000004
60 59 0.61605889999999996
61 59 504.69999999999999
58 60 455.69999999999999
59 60 -15.176439999999999
60 60 -956.31179999999995
62 60 504.69999999999999
59 61 455.69999999999999
61 61 -961.66309999999999
62 61 0.63153570000000003
63 61 504.69999999999999
60 62 455.69999999999999
61 62 -15.232710000000001
62 62 -956.28359999999998
64 62 504.69999999999999
61 63 455.69999999999999
63 63 -961.6934
64 63 0.64670830000000001
65 63 504.69999999999999
62 64 455.69999999999999
63 64 -15.271739999999999
64 64 -956.26409999999998
66 64 504.69999999999999
63 65 455.69999999999999
65 65 -961.72310000000004
66 65 0.66154089999999999
67 65 504.69999999999999
64 66 455.69999999999999
65 66 -15.29345
66 66 -956.25329999999997
68 66 504.69999999999999
65 67 455.69999999999999
67 67 -961.75199999999995
68 67 0.67599770000000003
69 67 504.69999999999999
66 68 455.69999999999999
67 68 -15.29782
68 68 -956.25109999999995
70 68 504.69999999999999
67 69 455.69999999999999
69 69 -961.78009999999995
70 69 0.69004370000000004
71 69 504.69999999999999
68 70 455.69999999999999
69 70 -15.284890000000001
70 70 -956.25760000000002
72 70 504.69999999999999
69 71 455.69999999999999
71 71 -961.80730000000005
72 71 0.7036443
73 71 504.69999999999999
70 72 455.69999999999999
71 72 -15.25474
72 72 -956.27260000000001
74 72 504.69999999999999
71 73 455.69999999999999
73 73 -961.83349999999996
74 73 0.7167656
75 73 504.69999999999999
72 74 455.69999999999999
73 74 -15.207509999999999
74 74 -956.2962
76 74 504.69999999999999
73 75 455.69999999999999
75 75 -961.8587
76 75 0.72937490000000005
77 75 504.69999999999999
74 76 455.69999999999999
75 76 -15.143409999999999
76 76 -956.32830000000001
78 76 504.69999999999999
75 77 455.69999999999999
77 77 -961.88289999999995
78 77 0.74143999999999999
79 77 504.69999999999999
76 78 455.69999999999999
77 78 -15.062659999999999
78 78 -956.36869999999999
80 78 504.69999999999999
77 79 455.69999999999999
79 79 -961.90589999999997
80 79 0.75293019999999999
81 79 504.69999999999999
78 80 455.69999999999999
79 80 -14.96556
80 80 -956.41719999999998
82 80 504.69999999999999
79 81 455.69999999999999
81 81 -961.92759999999998
82 81 0.76381580000000004
83 81 504.69999999999999
80 82 455.69999999999999
81 82 -14.852460000000001
82 82 -956.47379999999998
84 82 504.69999999999999
81 83 455.69999999999999
83 83 -961.94809999999995
84 83 0.7740686
85 83 504.69999999999999
82 84 455.69999999999999
83 84 -14.723750000000001
84 84 -956.53809999999999
86 84 504.69999999999999
83 85 455.69999999999999
85 85 -961.96730000000002
86 85 0.78366170000000002
87 85 504.69999999999999
84 86 455.69999999999999
85 86 -14.57986
86 86 -956.61009999999999
88 86 504.69999999999999
85 87 455.69999999999999
87 87 -961.98509999999999
88 87 0.79257
89 87 504.69999999999999
86 88 455.69999999999999
87 88 -14.42126
88 88 -956.68939999999998
90 88 504.69999999999999
87 89 455.69999999999999
89 89 -962.00149999999996
90 89 0.80076979999999998
91 89 504.69999999999999
88 90 455.69999999999999
89 90 -14.248469999999999
90 90 -956.7758
92 90 504.69999999999999
89 91 455.69999999999999
91 91 -962.01649999999995
92 91 0.80823940000000005
93 91 504.69999999999999
90 92 455.69999999999999
91 92 -14.06204
92 92 -956.86900000000003
94 92 504.69999999999999
91 93 455.69999999999999
93 93 -962.0299
94 93 0.81495879999999998
95 93 504.69999999999999
92 94 455.69999999999999
93 94 -13.862550000000001
94 94 -956.96870000000001
96 94 504.69999999999999
93 95 455.69999999999999
95 95 -962.04179999999997
96 95 0.82090989999999997
97 95 504.69999999999999
94 96 455.69999999999999
95 96 -13.650639999999999
96 96 -957.07470000000001
98 96 504.69999999999999
95 97 455.69999999999999
97 97 -962.05219999999997
98 97 0.82607680000000006
99 97 960.39999999999998
96 98 455.69999999999999
97 98 -13.42694
98 98 -957.18650000000002
100 98 960.39999999999998
97 99 455.69999999999999
99 99 -960.39999999999998
100 99 8.6246740000000001e-20
98 100 455.69999999999999
99 100 -3.3358719999999997e-17
100 100 -963.89999999999998


