# Created by Octave 5.2.0, Thu Feb 04 21:42:31 2021 -03 <kuroneko@kuroneko-VirtualBox>
# name: xSOR
# type: sparse matrix
# nnz: 100
# rows: 1
# columns: 100
1 1 2.9325664446089555e+27
1 2 3.8488122150559323e+27
1 3 6.3201407896940377e+27
1 4 8.3942635234122894e+27
1 5 1.337653870015167e+28
1 6 1.8042210407703985e+28
1 7 2.7854819633462853e+28
1 8 3.8262212866973649e+28
1 9 5.7150241500997751e+28
1 10 8.0139575251938779e+28
1 11 1.1566222055083469e+29
1 12 1.659094802158418e+29
1 13 2.3111251151710187e+29
1 14 3.3973334084191646e+29
1 15 4.5629752789225234e+29
1 16 6.8849524349925545e+29
1 17 8.9073326843942564e+29
1 18 1.3815897324685418e+30
1 19 1.7201405472371531e+30
1 20 2.7464098645176276e+30
1 21 3.2878113186804113e+30
1 22 5.4104162266639909e+30
1 23 6.2224439032495846e+30
1 24 1.0566426201069662e+31
1 25 1.1665143953240312e+31
1 26 2.0464247192409745e+31
1 27 2.1669107752873125e+31
1 28 3.9315070678648155e+31
1 29 3.989757016504286e+31
1 30 7.4943284643887214e+31
1 31 7.2832837772828277e+31
1 32 1.4178239393118368e+32
1 33 1.3185431589298331e+32
1 34 2.6627187424925322e+32
1 35 2.3678284052846004e+32
1 36 4.9651474240260433e+32
1 37 4.2188116213905475e+32
1 38 9.1944815118827139e+32
1 39 7.459388265635913e+32
1 40 1.6911781392103679e+33
1 41 1.309101227760249e+33
1 42 3.0902418810389136e+33
1 43 2.2807594436350825e+33
1 44 5.6105599777154968e+33
1 45 3.9454583698797298e+33
1 46 1.0122696670755415e+34
1 47 6.7779684950430248e+33
1 48 1.8152009921304291e+34
1 49 1.1565260408034644e+34
1 50 3.2355687835574923e+34
1 51 1.9603457254586566e+34
1 52 5.7336340862817182e+34
1 53 3.3013934476729492e+34
1 54 1.0102201430901936e+35
1 55 5.5247682181380389e+34
1 56 1.7699447095670614e+35
1 57 9.1885557777499466e+34
1 58 3.0839667150178147e+35
1 59 1.5190107108207647e+35
1 60 5.3445687503397558e+35
1 61 2.4964285923695464e+35
1 62 9.2132623967544742e+35
1 63 4.0793164180516312e+35
1 64 1.5799924662730394e+36
1 65 6.6287565679798875e+35
1 66 2.6957458411942953e+36
1 67 1.0713262796519716e+36
1 68 4.5764160958557157e+36
1 69 1.722375480109641e+36
1 70 7.7309688957177813e+36
1 71 2.7550263175542986e+36
1 72 1.2996997747341999e+37
1 73 4.3852769976141909e+36
1 74 2.1746643051925187e+37
1 75 6.9475702605419875e+36
1 76 3.6217938444654175e+37
1 77 1.0958269031305785e+37
1 78 6.0046445401071456e+37
1 79 1.7213313614085081e+37
1 80 9.9117357349287343e+37
1 81 2.69403053322187e+37
1 82 1.629349623447979e+38
1 83 4.2041568270282774e+37
1 84 2.6684614783187849e+38
1 85 6.5501862792139005e+37
1 86 4.3573819962976013e+38
1 87 1.0212779910683681e+38
1 88 7.1048688565272788e+38
1 89 1.6003672861563009e+38
1 90 1.1601251640097097e+39
1 91 2.5400712172352387e+38
1 92 1.9074373649303785e+39
1 93 4.1373996805483347e+38
1 94 3.1894530582539871e+39
1 95 7.0545739425205488e+38
1 96 5.5150006013669093e+39
1 97 1.2899824931772563e+39
1 98 1.0101877189107485e+40
1 99 2.5799649863545127e+39
1 100 2.0130392888097996e+40


# name: erSOR
# type: scalar
0


# name: kSOR
# type: scalar
50


# name: tol
# type: scalar
9.9999999999999998e-20


# name: kmax
# type: scalar
50


# name: w
# type: scalar
2


# name: b
# type: matrix
# rows: 100
# columns: 1
 -111.40961899999991
 -102.29527350000001
 -8.762185000000045
 0.88104489999994939
 -9.116170000000011
 1.0580711000000065
 -9.4714069999999992
 1.2356998999999291
 -9.8269080000000031
 1.4135242999999491
 -10.182068000000072
 1.5910361999999623
 -10.535869999999989
 1.767925499999933
 -10.887480000000039
 1.9436809000000039
 -11.236060000000009
 2.1179890999999884
 -11.580769999999973
 2.2903355999999917
 -11.920669999999973
 2.460303999999951
 -12.255029999999977
 2.6274765999999659
 -12.582809999999995
 2.7914336999999705
 -12.903200000000027
 2.9516545000000178
 -13.215390000000014
 3.1077164000000153
 -13.518590000000074
 3.2592954999999506
 -13.811829999999986
 3.4059665000000336
 -14.094480000000033
 3.5472025000000258
 -14.365720000000067
 3.6828755999999885
 -14.624669999999981
 3.8123564999999076
 -14.870779999999968
 3.9354147000000239
 -15.103350000000091
 4.0517189000000258
 -15.321790000000021
 4.1608365999999819
 -15.525379999999984
 4.2626344999999901
 -15.71363000000008
 4.3567785999999273
 -15.886009999999999
 4.4430340000000115
 -16.042030000000011
 4.5210655999999858
 -16.181440000000066
 4.5907376999999769
 -16.303650000000005
 4.6518142000000466
 -16.408540000000073
 4.7042589000000135
 -16.495810000000006
 4.7479356999999709
 -16.565140000000042
 4.7826082999999926
 -16.616550000000075
 4.8082408999999871
 -16.649819999999977
 4.8248977000000082
 -16.664989999999989
 4.8324436999999421
 -16.662040000000104
 4.8310442999999736
 -16.641009999999994
 4.8205655999999522
 -16.602110000000039
 4.8010748999999464
 -16.545559999999966
 4.7727399999999989
 -16.471459999999979
 4.7357301999999777
 -16.380060000000014
 4.6900157999999692
 -16.271849999999972
 4.6359686000000124
 -16.147160000000042
 4.5735616999999706
 -16.006360000000029
 4.5031700000000114
 -15.849969999999985
 4.4249697999999853
 -15.678539999999998
 4.3392393999999399
 -15.492450000000019
 4.2462587999999641
 -15.292439999999999
 4.1462098999999739
 -15.079139999999995
 4.0395767999999634
 -3.3358719999999997e-17
 -3.5


# name: a
# type: sparse matrix
# nnz: 396
# rows: 100
# columns: 100
1 1 -1063.761
2 1 0.18072650000000001
3 1 504.69999999999999
1 2 -8.0486190000000004
2 2 -1062.876
4 2 504.69999999999999
1 3 960.39999999999998
3 3 -960.78390000000002
4 3 0.1919449
5 3 504.69999999999999
2 4 960.39999999999998
3 4 -8.378285
4 4 -959.71090000000004
6 4 504.69999999999999
3 5 455.69999999999999
5 5 -960.80709999999999
6 5 0.2035711
7 5 504.69999999999999
4 6 455.69999999999999
5 6 -8.7090700000000005
6 6 -959.54549999999995
8 6 504.69999999999999
5 7 455.69999999999999
7 7 -960.83119999999997
8 7 0.21559990000000001
9 7 504.69999999999999
6 8 455.69999999999999
7 8 -9.0402070000000005
8 8 -959.37990000000002
10 8 504.69999999999999
7 9 455.69999999999999
9 9 -960.85599999999999
10 9 0.22802430000000001
11 9 504.69999999999999
8 10 455.69999999999999
9 10 -9.370908
10 10 -959.21450000000004
12 10 504.69999999999999
9 11 455.69999999999999
11 11 -960.88170000000002
12 11 0.2408362
13 11 504.69999999999999
10 12 455.69999999999999
11 12 -9.7003679999999992
12 12 -959.0498
14 12 504.69999999999999
11 13 455.69999999999999
13 13 -960.90809999999999
14 13 0.25402550000000002
15 13 504.69999999999999
12 14 455.69999999999999
13 14 -10.02777
14 14 -958.88610000000006
16 14 504.69999999999999
13 15 455.69999999999999
15 15 -960.93520000000001
16 15 0.26758090000000001
17 15 504.69999999999999
14 16 455.69999999999999
15 16 -10.35228
16 16 -958.72389999999996
18 16 504.69999999999999
15 17 455.69999999999999
17 17 -960.96299999999997
18 17 0.28148909999999999
19 17 504.69999999999999
16 18 455.69999999999999
17 18 -10.67306
18 18 -958.56349999999998
20 18 504.69999999999999
17 19 455.69999999999999
19 19 -960.99149999999997
20 19 0.29573559999999999
21 19 504.69999999999999
18 20 455.69999999999999
19 20 -10.989269999999999
20 20 -958.40539999999999
22 20 504.69999999999999
19 21 455.69999999999999
21 21 -961.02059999999994
22 21 0.31030400000000002
23 21 504.69999999999999
20 22 455.69999999999999
21 22 -11.30007
22 22 -958.25
24 22 504.69999999999999
21 23 455.69999999999999
23 23 -961.05039999999997
24 23 0.32517659999999998
25 23 504.69999999999999
22 24 455.69999999999999
23 24 -11.60463
24 24 -958.09770000000003
26 24 504.69999999999999
23 25 455.69999999999999
25 25 -961.08069999999998
26 25 0.34033370000000002
27 25 504.69999999999999
24 26 455.69999999999999
25 26 -11.90211
26 26 -957.94889999999998
28 26 504.69999999999999
25 27 455.69999999999999
27 27 -961.11149999999998
28 27 0.35575449999999997
29 27 504.69999999999999
26 28 455.69999999999999
27 28 -12.191700000000001
28 28 -957.80409999999995
30 28 504.69999999999999
27 29 455.69999999999999
29 29 -961.14279999999997
30 29 0.37141639999999998
31 29 504.69999999999999
28 30 455.69999999999999
29 30 -12.47259
30 30 -957.66369999999995
32 30 504.69999999999999
29 31 455.69999999999999
31 31 -961.17460000000005
32 31 0.38729550000000001
33 31 504.69999999999999
30 32 455.69999999999999
31 32 -12.74399
32 32 -957.52800000000002
34 32 504.69999999999999
31 33 455.69999999999999
33 33 -961.20669999999996
34 33 0.40336650000000002
35 33 504.69999999999999
32 34 455.69999999999999
33 34 -13.005129999999999
34 34 -957.39739999999995
36 34 504.69999999999999
33 35 455.69999999999999
35 35 -961.23919999999998
36 35 0.41960249999999999
37 35 504.69999999999999
34 36 455.69999999999999
35 36 -13.255280000000001
36 36 -957.27239999999995
38 36 504.69999999999999
35 37 455.69999999999999
37 37 -961.27200000000005
38 37 0.43597560000000002
39 37 504.69999999999999
36 38 455.69999999999999
37 38 -13.49372
38 38 -957.15309999999999
40 38 504.69999999999999
37 39 455.69999999999999
39 39 -961.30489999999998
40 39 0.45245649999999998
41 39 504.69999999999999
38 40 455.69999999999999
39 40 -13.71977
40 40 -957.04010000000005
42 40 504.69999999999999
39 41 455.69999999999999
41 41 -961.33799999999997
42 41 0.46901470000000001
43 41 504.69999999999999
40 42 455.69999999999999
41 42 -13.932779999999999
42 42 -956.93359999999996
44 42 504.69999999999999
41 43 455.69999999999999
43 43 -961.37120000000004
44 43 0.48561890000000002
45 43 504.69999999999999
42 44 455.69999999999999
43 44 -14.132149999999999
44 44 -956.83389999999997
46 44 504.69999999999999
43 45 455.69999999999999
45 45 -961.40449999999998
46 45 0.50223660000000003
47 45 504.69999999999999
44 46 455.69999999999999
45 46 -14.31729
46 46 -956.7414
48 46 504.69999999999999
45 47 455.69999999999999
47 47 -961.43769999999995
48 47 0.51883449999999998
49 47 504.69999999999999
46 48 455.69999999999999
47 48 -14.487679999999999
48 48 -956.65620000000001
50 48 504.69999999999999
47 49 455.69999999999999
49 49 -961.47080000000005
50 49 0.53537860000000004
51 49 504.69999999999999
48 50 455.69999999999999
49 50 -14.64283
50 50 -956.57860000000005
52 50 504.69999999999999
49 51 455.69999999999999
51 51 -961.50369999999998
52 51 0.55183400000000005
53 51 504.69999999999999
50 52 455.69999999999999
51 52 -14.782310000000001
52 52 -956.50879999999995
54 52 504.69999999999999
51 53 455.69999999999999
53 53 -961.53629999999998
54 53 0.56816560000000005
55 53 504.69999999999999
52 54 455.69999999999999
53 54 -14.90573
54 54 -956.44709999999998
56 54 504.69999999999999
53 55 455.69999999999999
55 55 -961.56870000000004
56 55 0.58433769999999996
57 55 504.69999999999999
54 56 455.69999999999999
55 56 -15.012740000000001
56 56 -956.39359999999999
58 56 504.69999999999999
55 57 455.69999999999999
57 57 -961.60059999999999
58 57 0.60031420000000002
59 57 504.69999999999999
56 58 455.69999999999999
57 58 -15.10305
58 58 -956.34849999999994
60 58 504.69999999999999
57 59 455.69999999999999
59 59 -961.63210000000004
60 59 0.61605889999999996
61 59 504.69999999999999
58 60 455.69999999999999
59 60 -15.176439999999999
60 60 -956.31179999999995
62 60 504.69999999999999
59 61 455.69999999999999
61 61 -961.66309999999999
62 61 0.63153570000000003
63 61 504.69999999999999
60 62 455.69999999999999
61 62 -15.232710000000001
62 62 -956.28359999999998
64 62 504.69999999999999
61 63 455.69999999999999
63 63 -961.6934
64 63 0.64670830000000001
65 63 504.69999999999999
62 64 455.69999999999999
63 64 -15.271739999999999
64 64 -956.26409999999998
66 64 504.69999999999999
63 65 455.69999999999999
65 65 -961.72310000000004
66 65 0.66154089999999999
67 65 504.69999999999999
64 66 455.69999999999999
65 66 -15.29345
66 66 -956.25329999999997
68 66 504.69999999999999
65 67 455.69999999999999
67 67 -961.75199999999995
68 67 0.67599770000000003
69 67 504.69999999999999
66 68 455.69999999999999
67 68 -15.29782
68 68 -956.25109999999995
70 68 504.69999999999999
67 69 455.69999999999999
69 69 -961.78009999999995
70 69 0.69004370000000004
71 69 504.69999999999999
68 70 455.69999999999999
69 70 -15.284890000000001
70 70 -956.25760000000002
72 70 504.69999999999999
69 71 455.69999999999999
71 71 -961.80730000000005
72 71 0.7036443
73 71 504.69999999999999
70 72 455.69999999999999
71 72 -15.25474
72 72 -956.27260000000001
74 72 504.69999999999999
71 73 455.69999999999999
73 73 -961.83349999999996
74 73 0.7167656
75 73 504.69999999999999
72 74 455.69999999999999
73 74 -15.207509999999999
74 74 -956.2962
76 74 504.69999999999999
73 75 455.69999999999999
75 75 -961.8587
76 75 0.72937490000000005
77 75 504.69999999999999
74 76 455.69999999999999
75 76 -15.143409999999999
76 76 -956.32830000000001
78 76 504.69999999999999
75 77 455.69999999999999
77 77 -961.88289999999995
78 77 0.74143999999999999
79 77 504.69999999999999
76 78 455.69999999999999
77 78 -15.062659999999999
78 78 -956.36869999999999
80 78 504.69999999999999
77 79 455.69999999999999
79 79 -961.90589999999997
80 79 0.75293019999999999
81 79 504.69999999999999
78 80 455.69999999999999
79 80 -14.96556
80 80 -956.41719999999998
82 80 504.69999999999999
79 81 455.69999999999999
81 81 -961.92759999999998
82 81 0.76381580000000004
83 81 504.69999999999999
80 82 455.69999999999999
81 82 -14.852460000000001
82 82 -956.47379999999998
84 82 504.69999999999999
81 83 455.69999999999999
83 83 -961.94809999999995
84 83 0.7740686
85 83 504.69999999999999
82 84 455.69999999999999
83 84 -14.723750000000001
84 84 -956.53809999999999
86 84 504.69999999999999
83 85 455.69999999999999
85 85 -961.96730000000002
86 85 0.78366170000000002
87 85 504.69999999999999
84 86 455.69999999999999
85 86 -14.57986
86 86 -956.61009999999999
88 86 504.69999999999999
85 87 455.69999999999999
87 87 -961.98509999999999
88 87 0.79257
89 87 504.69999999999999
86 88 455.69999999999999
87 88 -14.42126
88 88 -956.68939999999998
90 88 504.69999999999999
87 89 455.69999999999999
89 89 -962.00149999999996
90 89 0.80076979999999998
91 89 504.69999999999999
88 90 455.69999999999999
89 90 -14.248469999999999
90 90 -956.7758
92 90 504.69999999999999
89 91 455.69999999999999
91 91 -962.01649999999995
92 91 0.80823940000000005
93 91 504.69999999999999
90 92 455.69999999999999
91 92 -14.06204
92 92 -956.86900000000003
94 92 504.69999999999999
91 93 455.69999999999999
93 93 -962.0299
94 93 0.81495879999999998
95 93 504.69999999999999
92 94 455.69999999999999
93 94 -13.862550000000001
94 94 -956.96870000000001
96 94 504.69999999999999
93 95 455.69999999999999
95 95 -962.04179999999997
96 95 0.82090989999999997
97 95 504.69999999999999
94 96 455.69999999999999
95 96 -13.650639999999999
96 96 -957.07470000000001
98 96 504.69999999999999
95 97 455.69999999999999
97 97 -962.05219999999997
98 97 0.82607680000000006
99 97 960.39999999999998
96 98 455.69999999999999
97 98 -13.42694
98 98 -957.18650000000002
100 98 960.39999999999998
97 99 455.69999999999999
99 99 -960.39999999999998
100 99 8.6246740000000001e-20
98 100 455.69999999999999
99 100 -3.3358719999999997e-17
100 100 -963.89999999999998


