# Created by Octave 5.2.0, Thu Feb 04 21:42:31 2021 -03 <kuroneko@kuroneko-VirtualBox>
# name: jacobiMat
# type: sparse matrix
# nnz: 100
# rows: 1
# columns: 100
1 1 1.0151350233206395
1 2 0.52534933935905204
1 3 1.023846941968342
1 4 0.47792869607809424
1 5 1.0359180691801442
1 6 0.42960661589043392
1 7 1.0513991680812838
1 8 0.38068674016658433
1 9 1.0702819754449324
1 10 0.33146992818566928
1 11 1.0925010555605772
1 12 0.28224850286093106
1 13 1.1179372090143791
1 14 0.23330101979523923
1 15 1.1464220784449344
1 16 0.18488812837087087
1 17 1.177743766607908
1 18 0.13724903403070474
1 19 1.211653138513541
1 20 0.090599220684923654
1 21 1.2478705243966037
1 22 0.045128768476239145
1 23 1.2860924940262648
1 24 0.0010017125654753266
1 25 1.3259985929881093
1 26 -0.041643787710411224
1 27 1.3672576171592903
1 28 -0.082694573769147683
1 29 1.409533445334425
1 30 -0.12206126798933013
1 31 1.4524903001646254
1 32 -0.15967641809700103
1 33 1.4957973390608117
1 34 -0.19549207828878526
1 35 1.5391323369263559
1 36 -0.22947742132845708
1 37 1.5821849077191765
1 38 -0.26161657224412255
1 39 1.6246589080971974
1 40 -0.29190545664065859
1 41 1.6662740518220982
1 42 -0.32035007096214391
1 43 1.7067673581844223
1 44 -0.3469639498876112
1 45 1.7458938816179139
1 46 -0.37176614164411609
1 47 1.7834273183151315
1 48 -0.39477980015332831
1 49 1.8191599490072436
1 50 -0.41603026023821277
1 51 1.8529027480999227
1 52 -0.4355440105599383
1 53 1.8844852124958251
1 54 -0.45334773879147422
1 55 1.9137551973428573
1 56 -0.4694680444134014
1 57 1.9405792552748349
1 58 -0.48393090192283156
1 59 1.9648423571626921
1 60 -0.49676175628921293
1 61 1.986448544131511
1 62 -0.50798531230541699
1 63 2.0053216508680767
1 64 -0.51762592495180926
1 65 2.0214061201022138
1 66 -0.52570864709486376
1 67 2.0346689700207325
1 68 -0.53225998636487071
1 69 2.0451016880877679
1 70 -0.53730864050952298
1 71 2.0527231853579968
1 72 -0.54088721317705113
1 73 2.0575833221462418
1 74 -0.54303332117455894
1 75 2.0597672359996717
1 76 -0.54379205121458185
1 77 2.0594007316981395
1 78 -0.54321821473276988
1 79 2.0566567948363383
1 80 -0.54137870323325366
1 81 2.0517625954407186
1 82 -0.53835528967201107
1 83 2.045007770292766
1 84 -0.53424859309943751
1 85 2.0367542955872469
1 86 -0.52918128106919959
1 87 2.0274471114196544
1 88 -0.52330312546019764
1 89 2.0176259004498251
1 90 -0.51679538932439817
1 91 2.0079382221446926
1 92 -0.50987648215884596
1 93 1.9991538314577486
1 94 -0.50280799529974396
1 95 1.9921796900428159
1 96 -0.49590147922456873
1 97 1.9880765747647298
1 98 -0.48952635773924247
1 99 1.9880765747647298
1 100 -0.48411776530010214


# name: seidelMat
# type: sparse matrix
# nnz: 100
# rows: 1
# columns: 100
1 1 1.0151350233206398
1 2 0.52534933935905204
1 3 1.0238469419683423
1 4 0.47792869607809424
1 5 1.0359180691801442
1 6 0.42960661589043392
1 7 1.0513991680812835
1 8 0.38068674016658433
1 9 1.0702819754449322
1 10 0.33146992818566928
1 11 1.0925010555605772
1 12 0.28224850286093106
1 13 1.1179372090143793
1 14 0.23330101979523923
1 15 1.1464220784449342
1 16 0.18488812837087087
1 17 1.1777437666079078
1 18 0.13724903403070474
1 19 1.2116531385135407
1 20 0.090599220684923654
1 21 1.2478705243966033
1 22 0.045128768476239145
1 23 1.2860924940262644
1 24 0.0010017125654753266
1 25 1.3259985929881088
1 26 -0.041643787710411224
1 27 1.3672576171592901
1 28 -0.082694573769147683
1 29 1.4095334453344248
1 30 -0.12206126798933013
1 31 1.4524903001646252
1 32 -0.159676418097001
1 33 1.4957973390608112
1 34 -0.19549207828878523
1 35 1.5391323369263556
1 36 -0.22947742132845705
1 37 1.5821849077191765
1 38 -0.26161657224412255
1 39 1.6246589080971976
1 40 -0.29190545664065859
1 41 1.6662740518220984
1 42 -0.32035007096214396
1 43 1.7067673581844225
1 44 -0.3469639498876112
1 45 1.7458938816179139
1 46 -0.37176614164411603
1 47 1.783427318315131
1 48 -0.39477980015332825
1 49 1.8191599490072432
1 50 -0.41603026023821271
1 51 1.8529027480999223
1 52 -0.43554401055993824
1 53 1.8844852124958247
1 54 -0.45334773879147411
1 55 1.9137551973428566
1 56 -0.46946804441340134
1 57 1.9405792552748342
1 58 -0.48393090192283145
1 59 1.9648423571626914
1 60 -0.49676175628921276
1 61 1.9864485441315101
1 62 -0.50798531230541677
1 63 2.0053216508680758
1 64 -0.51762592495180904
1 65 2.0214061201022124
1 66 -0.52570864709486353
1 67 2.0346689700207308
1 68 -0.53225998636487037
1 69 2.0451016880877666
1 70 -0.53730864050952276
1 71 2.0527231853579959
1 72 -0.54088721317705091
1 73 2.057583322146241
1 74 -0.54303332117455849
1 75 2.0597672359996708
1 76 -0.54379205121458141
1 77 2.0594007316981386
1 78 -0.54321821473276954
1 79 2.0566567948363375
1 80 -0.54137870323325343
1 81 2.0517625954407182
1 82 -0.53835528967201096
1 83 2.045007770292766
1 84 -0.5342485930994374
1 85 2.0367542955872469
1 86 -0.52918128106919948
1 87 2.0274471114196548
1 88 -0.52330312546019742
1 89 2.0176259004498251
1 90 -0.51679538932439795
1 91 2.0079382221446931
1 92 -0.50987648215884573
1 93 1.9991538314577491
1 94 -0.50280799529974385
1 95 1.9921796900428161
1 96 -0.49590147922456868
1 97 1.9880765747647295
1 98 -0.48952635773924241
1 99 1.9880765747647295
1 100 -0.48411776530010209


# name: sorMat
# type: sparse matrix
# nnz: 100
# rows: 1
# columns: 100
1 1 2.9325664446089555e+27
1 2 3.8488122150559323e+27
1 3 6.3201407896940377e+27
1 4 8.3942635234122894e+27
1 5 1.337653870015167e+28
1 6 1.8042210407703985e+28
1 7 2.7854819633462853e+28
1 8 3.8262212866973649e+28
1 9 5.7150241500997751e+28
1 10 8.0139575251938779e+28
1 11 1.1566222055083469e+29
1 12 1.659094802158418e+29
1 13 2.3111251151710187e+29
1 14 3.3973334084191646e+29
1 15 4.5629752789225234e+29
1 16 6.8849524349925545e+29
1 17 8.9073326843942564e+29
1 18 1.3815897324685418e+30
1 19 1.7201405472371531e+30
1 20 2.7464098645176276e+30
1 21 3.2878113186804113e+30
1 22 5.4104162266639909e+30
1 23 6.2224439032495846e+30
1 24 1.0566426201069662e+31
1 25 1.1665143953240312e+31
1 26 2.0464247192409745e+31
1 27 2.1669107752873125e+31
1 28 3.9315070678648155e+31
1 29 3.989757016504286e+31
1 30 7.4943284643887214e+31
1 31 7.2832837772828277e+31
1 32 1.4178239393118368e+32
1 33 1.3185431589298331e+32
1 34 2.6627187424925322e+32
1 35 2.3678284052846004e+32
1 36 4.9651474240260433e+32
1 37 4.2188116213905475e+32
1 38 9.1944815118827139e+32
1 39 7.459388265635913e+32
1 40 1.6911781392103679e+33
1 41 1.309101227760249e+33
1 42 3.0902418810389136e+33
1 43 2.2807594436350825e+33
1 44 5.6105599777154968e+33
1 45 3.9454583698797298e+33
1 46 1.0122696670755415e+34
1 47 6.7779684950430248e+33
1 48 1.8152009921304291e+34
1 49 1.1565260408034644e+34
1 50 3.2355687835574923e+34
1 51 1.9603457254586566e+34
1 52 5.7336340862817182e+34
1 53 3.3013934476729492e+34
1 54 1.0102201430901936e+35
1 55 5.5247682181380389e+34
1 56 1.7699447095670614e+35
1 57 9.1885557777499466e+34
1 58 3.0839667150178147e+35
1 59 1.5190107108207647e+35
1 60 5.3445687503397558e+35
1 61 2.4964285923695464e+35
1 62 9.2132623967544742e+35
1 63 4.0793164180516312e+35
1 64 1.5799924662730394e+36
1 65 6.6287565679798875e+35
1 66 2.6957458411942953e+36
1 67 1.0713262796519716e+36
1 68 4.5764160958557157e+36
1 69 1.722375480109641e+36
1 70 7.7309688957177813e+36
1 71 2.7550263175542986e+36
1 72 1.2996997747341999e+37
1 73 4.3852769976141909e+36
1 74 2.1746643051925187e+37
1 75 6.9475702605419875e+36
1 76 3.6217938444654175e+37
1 77 1.0958269031305785e+37
1 78 6.0046445401071456e+37
1 79 1.7213313614085081e+37
1 80 9.9117357349287343e+37
1 81 2.69403053322187e+37
1 82 1.629349623447979e+38
1 83 4.2041568270282774e+37
1 84 2.6684614783187849e+38
1 85 6.5501862792139005e+37
1 86 4.3573819962976013e+38
1 87 1.0212779910683681e+38
1 88 7.1048688565272788e+38
1 89 1.6003672861563009e+38
1 90 1.1601251640097097e+39
1 91 2.5400712172352387e+38
1 92 1.9074373649303785e+39
1 93 4.1373996805483347e+38
1 94 3.1894530582539871e+39
1 95 7.0545739425205488e+38
1 96 5.5150006013669093e+39
1 97 1.2899824931772563e+39
1 98 1.0101877189107485e+40
1 99 2.5799649863545127e+39
1 100 2.0130392888097996e+40


