# Created by Octave 5.2.0, Sun Feb 07 19:01:38 2021 -03 <kuroneko@kuroneko-VirtualBox>
# name: BJ
# type: sparse matrix
# nnz: 258
# rows: 48
# columns: 48
2 1 0.13207322956745074
8 1 -0.18482210849341224
45 1 -0.045925349262705452
48 1 -0.18024721814424505
1 2 0.18490592451273483
3 2 0.096701731549847375
42 2 -0.078230722802334077
43 2 -0.18369542074999201
46 2 -0.16674030177602725
48 2 -0.21486964419842147
2 3 0.039524398685841601
4 3 -0.11676129247604947
46 3 -0.095223518912036773
3 4 -0.13157090862697235
5 4 -0.17048409548561935
37 4 0.031617485069436103
44 4 -0.0012218420304662006
46 4 -0.046980820883794384
4 5 -0.20826155096544705
6 5 0.089873286384471229
44 5 -0.15024227412698787
5 6 0.13056415797472851
7 6 0.097733134736511254
41 6 -0.17720290346270148
44 6 -0.13472385863023917
47 6 -0.16301764656489606
6 7 0.0491481670933221
8 7 -0.12912023750556431
47 7 -0.075422194052546451
1 8 -0.11034446534365466
7 8 -0.13396114326612385
35 8 0.024428131784031672
45 8 -0.010531142165452161
47 8 -0.012276577783114731
10 9 -0.14989014664034553
15 9 0.084931276029413083
18 9 -0.15631628341424147
23 9 -0.00054469359909494136
30 9 0.025708422172845316
31 9 -0.25282250130953599
9 10 -0.098646981730000596
11 10 -0.091539552914385799
21 10 -0.046614327552964067
23 10 0.033665571096568196
10 11 -0.20466341919138814
12 11 0.1113537538614944
21 11 -0.019268808050162099
24 11 0.025224563660188454
25 11 -0.28902846863803283
27 11 -0.24420154247007933
11 12 0.1085297473495118
13 12 -0.20721732454978736
27 12 -0.16674948332644648
34 12 0.010650201020352124
36 12 -0.052402086462720841
38 12 -0.33339428147373945
12 13 -0.099142565821522005
14 13 -0.11373850899240386
19 13 -0.095987277365894255
34 13 0.038336563657641272
13 14 -0.12215268801286883
15 14 0.02421517398794831
16 14 -0.08319877354733704
17 14 -0.1702900104219438
19 14 0.035846923348708641
9 15 0.078981026300852075
14 15 0.030558148868055145
16 15 -0.29893595664754319
18 15 -0.17153022382036404
14 16 -0.11165214481363867
15 16 -0.31789877432544666
17 16 0.024397188195781773
18 16 0.028419676669800307
20 16 -0.17010625435863447
14 17 -0.24559711061129325
16 17 0.026219458097019515
19 17 -0.2585715390834154
20 17 -0.16926247503012365
22 17 -0.081884724539593334
9 18 -0.17807692203988279
15 18 -0.21013043058454173
16 18 0.032738345779186662
20 18 -0.088517482361423344
31 18 0.061862596603319692
40 18 -0.183831418613709
13 19 -0.11673050505166535
14 19 0.040590750477475908
17 19 -0.20301205771818998
22 19 -0.035625521014681048
34 19 -0.11933017864106923
16 20 -0.21772577084545097
17 20 -0.20158875695594408
18 20 -0.098351504877896567
22 20 0.098064286852509244
40 20 0.033157869273911428
42 20 -0.059029670833530883
43 20 -0.15793280467749723
10 21 -0.076976411130720929
11 21 -0.014231859499160889
23 21 -0.23958011715536387
24 21 -0.34890269543526142
28 21 0.045784944880405722
17 22 -0.083242647978623255
19 22 -0.046127838678691226
20 22 0.083704392532168978
34 22 -0.15853284918235711
37 22 -0.076020215560725427
43 22 -0.24565505917961142
46 22 0.00047325096309970349
9 23 -0.00059413417687802976
10 23 0.055796573882291006
21 23 -0.24045515032457856
28 23 -0.096231283540901005
30 23 -0.31278742736646586
33 23 0.035866703038743689
11 24 0.01802733932622021
21 24 -0.33760237908241381
25 24 -0.098276098893322825
26 24 -0.11690560697715009
28 24 -0.0010809330746563007
11 25 -0.29268337534557615
24 25 -0.13925069474898621
26 25 -0.10422788914818729
27 25 0.026723812513268667
29 25 -0.21373786619181506
24 26 -0.16465987009918098
25 26 -0.10360647734372117
28 26 -0.28893388025140554
29 26 0.090141787888247671
35 26 0.0078266727966849834
41 26 -0.16365707553382833
47 26 -0.090833389886406629
11 27 -0.24568530969230842
12 27 -0.17212793306664415
25 27 0.026550442881459212
29 27 -0.22259284948150834
38 27 -0.069605617778787265
21 28 0.045601524141210555
23 28 -0.09549697840611604
24 28 -0.001112639040562767
26 28 -0.2111550786645883
33 28 -0.25560675277304445
35 28 0.012791053384928081
25 29 -0.25609913334856516
26 29 0.10865503141938286
27 29 -0.26845067161767133
38 29 -0.099388938649012409
39 29 0.045133716613307964
41 29 -0.21366966526915948
9 30 0.025770793887321234
23 30 -0.28745469001134727
31 30 -0.072910993859242448
32 30 -0.17967739125939239
33 30 0.02737985091612033
9 31 -0.28052511888097287
18 31 0.060253288742086644
30 31 -0.080704300038428101
32 31 -0.039804518103089777
40 31 -0.25118698074985912
30 32 -0.21602745246381785
31 32 -0.043235872181233988
33 32 -0.22339363720898794
40 32 0.060954343028658375
42 32 -0.18925475873157108
45 32 -0.02922844708221696
23 33 0.03392991664708149
28 33 -0.24366340391444147
30 33 0.028183978834065405
32 33 -0.19126104019270801
35 33 -0.062149600591397632
45 33 -0.051985856595580783
12 34 0.008262645110700113
13 34 0.062164205043146521
19 34 -0.15911341683114516
22 34 -0.16325778293178905
36 34 -0.30597575826474549
37 34 0.010633057316863483
8 35 0.045679541626157685
26 35 0.0056339132954896674
28 35 0.012599004500478919
33 35 -0.064217039149656194
45 35 -0.23508785641168842
47 35 -0.27024572943104619
12 36 -0.047738040163207505
34 36 -0.35928718835180995
37 36 -0.025003739626120968
38 36 0.051012879152325781
39 36 -0.27599772983029347
4 37 0.057006477181064712
22 37 -0.078121158529021822
34 37 0.010610677232873459
36 37 -0.021248838968191134
39 37 0.022911250200234684
44 37 -0.2692325952443913
46 37 -0.2742730216139293
12 38 -0.32610565481360099
27 38 -0.065956502631576402
29 38 -0.078090480249000171
36 38 0.054772682731062089
39 38 -0.19869138311543619
29 39 0.036778829152089569
36 39 -0.30734520930302339
37 39 0.030021990877516395
38 39 -0.20607048529528257
41 39 -0.10677863326122636
44 39 -0.14074421544078264
18 40 -0.18895420883885156
20 40 0.030674076052665516
31 40 -0.26508267568564381
32 40 0.059221175120975605
42 40 -0.1540857431056219
6 41 -0.22988764591107216
26 41 -0.15665023739326162
29 41 -0.16967406579502969
39 41 -0.10405432900913808
44 41 0.034737598646866964
47 41 0.088216008627579126
2 42 -0.081247103021605094
20 42 -0.064757335880545011
32 42 -0.21804840367097431
40 42 -0.18272425262571537
43 42 0.04883698867142551
45 42 0.090899096763929335
48 42 -0.14045776064760113
2 43 -0.13920161272808482
20 43 -0.12641725474894866
22 43 -0.23036810257351531
42 43 0.035633975099011519
46 43 0.035313284323957701
4 44 -0.0024878334714917554
5 44 -0.25042239578812997
6 44 -0.15457248215700012
37 44 -0.30404439520734183
39 44 -0.12129676497941075
41 44 0.03072151732486899
1 45 -0.063523962592384353
8 45 -0.02439854650449149
32 45 -0.03203541747344766
33 45 -0.066550931167527125
35 45 -0.29126425668217132
42 45 0.086472519087098576
48 45 -0.24325195179741951
2 46 -0.11044053210037667
3 46 -0.1543125020112289
4 46 -0.067564179505089569
22 46 0.00038790922651195186
37 46 -0.21876715334329408
43 46 0.030865980796861581
6 47 -0.16777513532634905
7 47 -0.15435711163259361
8 47 -0.024216996115140867
26 47 -0.068974724188686845
35 47 -0.28508233609870365
41 47 0.069983487862789268
1 48 -0.2879252501999221
2 48 -0.24516034175289381
42 48 -0.15430867843330773
45 48 -0.28091983345517352


# name: BGS
# type: sparse matrix
# nnz: 1140
# rows: 48
# columns: 48
1 2 0.18490592451273483
2 2 0.024421122616552146
3 2 0.002361564843411732
4 2 -0.00027573936338275319
5 2 4.7009175956089187e-05
6 2 4.2248691333996036e-06
7 2 4.1290970425867099e-07
8 2 -0.034174756156366455
35 2 -0.00083482544707486734
37 2 -8.7181852048100133e-06
39 2 -1.9974452251938647e-07
41 2 -7.2733063007232099e-07
42 2 -0.0019104820739373023
43 2 -0.0045793505856365282
44 2 -4.9449794335910921e-06
45 2 -0.008109373718512258
46 2 -0.004443228153930741
47 2 0.00064437303108080888
48 2 -0.036335173420609386
2 3 0.039524398685841601
3 3 0.0038220777913873941
4 3 -0.00044627074286639678
5 3 7.6082063939273073e-05
6 3 6.8377451211359415e-06
7 3 6.682742652179014e-07
8 3 -8.6287731843791883e-08
35 3 -2.1078480848253342e-09
37 3 -1.4109958549504458e-05
39 3 -3.2327679064263709e-07
41 3 -1.1771492347333137e-06
42 3 -0.0030920222775210112
43 3 -0.0074114561034251914
44 3 -8.003208603279818e-06
45 3 -0.00028106062796274845
46 3 -0.0071911485710769787
47 3 -1.267290280822029e-06
48 3 -0.0079899264114848979
3 4 -0.13157090862697235
4 4 0.015362389343533499
5 4 -0.0026190430517302266
6 4 -0.00023538200624141018
7 4 -2.3004621330542076e-05
8 4 2.9703621699251631e-06
35 4 7.256039853323417e-08
37 4 0.00048572011570003471
39 4 1.1128455098090432e-05
41 4 4.0522093703170585e-05
44 4 0.00027550183050630651
45 4 -4.8339374845918709e-08
46 4 0.011673687320026991
47 4 4.3625102062969794e-05
48 4 1.1758647279936812e-08
4 5 -0.20826155096544705
5 5 0.035505282140776452
6 5 0.0031909763899994541
7 5 0.00031186412546484296
8 5 -4.0267969949485624e-05
35 5 -9.8367127660146199e-07
37 5 -0.0065847064781876276
39 5 -0.00015086385761686288
41 5 -0.00054934124466398814
44 5 -0.0037348642344632809
45 5 6.5531688808217539e-07
46 5 0.011590305965102217
47 5 -0.00059140744408254099
48 5 -1.5940711207180028e-07
5 6 0.13056415797472851
6 6 0.011734229961210119
7 6 0.001146823077828156
8 6 -0.00014807806818603375
35 6 -3.6172705639732596e-06
41 6 -0.0020793396190254563
44 6 -0.021269368017163538
45 6 2.4098075705982131e-06
47 6 -0.0021800180631751064
48 6 -5.8619039500421313e-07
6 7 0.0491481670933221
7 7 0.0048034044365842174
8 7 -0.00062021672168703537
35 7 -1.5150735812030996e-05
41 7 -0.0087091979088066793
44 7 -0.0069239673369083602
45 7 1.0093344474587015e-05
47 7 -0.009130883951446022
48 7 -2.4552257436069907e-06
1 8 -0.11034446534365466
2 8 -0.014573549902830114
3 8 -0.0014092875104317821
4 8 0.00016455023118836892
5 8 -2.8053197326098628e-05
6 8 -2.5212330372885447e-06
7 8 -0.13396138967413199
8 8 0.037691223196691881
35 8 0.00092072616735014076
37 8 5.202664477770512e-06
39 8 1.1919954755807353e-07
41 8 4.3404184974000808e-07
42 8 0.0011400993426942854
43 8 0.0027327733999048432
44 8 2.9509660827411578e-06
45 8 0.0045578589396872531
46 8 0.0026515409732671621
47 8 0.0093925696744502005
48 8 0.021751852514449974
9 10 -0.098646981730000596
10 10 0.014786210557137275
11 10 -0.0013535231036983174
12 10 -0.00015071987853506843
13 10 3.1231769986505802e-05
14 10 -3.5522549514588793e-06
15 10 -0.0083783000532508482
16 10 0.0025048706847539933
17 10 6.1716715034745284e-05
18 10 0.016928448852394928
19 10 -1.9083375972989209e-05
20 10 -0.0019350041664718846
21 10 -0.00066316848530086981
22 10 -0.00019412860464005133
23 10 0.00071040058568062675
24 10 0.00019723924235441891
25 10 0.00037182280664085497
26 10 -6.1812679620487461e-05
27 10 0.00036560141453759323
28 10 -8.1079317783373618e-05
29 10 -0.00016642477938441544
30 10 -0.0027582626239864875
31 10 0.02618852213933014
32 10 -0.00054682407090195565
33 10 9.2840346660774995e-05
34 10 3.2645105199381131e-05
35 10 -7.2908679639906168e-06
36 10 -2.0905747103675889e-06
37 10 1.5157087831666586e-05
38 10 4.1235369241174949e-05
39 10 -1.4780219672252942e-05
40 10 -0.0097876884911349861
41 10 4.7254220937064066e-05
42 10 0.0017258549710583888
43 10 0.00043757486860495661
44 10 -3.5905351017100759e-07
45 10 0.00016974908600762934
46 10 1.1203153920495247e-05
47 10 1.1753559920878946e-05
48 10 -0.00028370152092457558
10 11 -0.20466341919138814
11 11 0.018734797890709198
12 11 0.0020861900729668768
13 11 -0.00043229472542252186
14 11 4.9168557514838258e-05
15 11 1.1906251749582517e-06
16 11 -4.4466843580110389e-06
17 11 -8.4814007667633853e-06
18 11 -3.3060153445408125e-07
19 11 4.5450384075190949e-05
20 11 2.2212557214558443e-06
21 11 0.0091792504358823024
22 11 -7.0687058925810131e-07
23 11 -0.0090892767844815234
24 11 -0.0027300881170996744
25 11 -0.005146587534811153
26 11 0.00085558056350038155
27 11 -0.0050604740999277819
28 11 0.0010506890771421319
29 11 0.0023035695491665847
30 11 0.0028430115020397191
31 11 -0.00020730724603633597
32 11 -0.00050257312497918832
33 11 -0.00040445274501710207
34 11 3.341091412577927e-07
35 11 4.5272345759313951e-05
36 11 -0.0001094229418791197
37 11 2.7932718040876965e-06
38 11 -0.00057781772632183655
39 11 0.00024904053936180236
40 11 2.1573293618379713e-05
41 11 -0.000658816955820402
42 11 9.1659098540409581e-05
43 11 4.299191547492123e-06
44 11 -5.8688774135503535e-05
45 11 3.3404004938780004e-05
46 11 -6.1463505160353236e-07
47 11 -0.00014806814326508996
48 11 -2.099982112317261e-05
11 12 0.1085297473495118
12 12 0.012085194773007714
13 12 -0.002504261727525733
14 12 0.00028483099501551841
15 12 6.8972321014612155e-06
16 12 -2.5759420130029252e-05
17 12 -4.913233053041178e-05
18 12 -1.9151581574016186e-06
19 12 0.00026329180220646735
20 12 1.2867623320762424e-05
21 12 -0.0020912388694103315
22 12 -4.0948659765914439e-06
23 12 0.00050101925333317769
24 12 0.0034672543993781823
25 12 -0.031708934914343595
26 12 0.0028996138731557895
27 12 -0.029365715322583648
28 12 -0.00098550553975491396
29 12 0.013575374717235458
30 12 -0.00015671252331115229
31 12 1.130758916828292e-05
32 12 2.7707604228473344e-05
33 12 0.00025939131162070004
34 12 1.9354775482180706e-06
35 12 -6.0323913623339341e-06
36 12 -0.00063388163062439243
37 12 1.6181283883851762e-05
38 12 -0.0033666942832012541
39 12 0.0014569608835403409
40 12 -3.7269115721559694e-07
41 12 -0.003530760390252611
42 12 -5.9459411284155936e-06
43 12 -1.3166771562988268e-06
44 12 -0.00033206548289108106
45 12 -1.3416868495597269e-05
46 12 -4.4865237184672285e-06
47 12 -0.00057322111850490517
48 12 4.0988330244030682e-06
12 13 -0.099142565821522005
13 13 0.020544057238536983
14 13 -0.0023366504389657986
15 13 -5.6582396928572599e-05
16 13 0.00021132096368605503
17 13 0.00040306386492468808
18 13 1.5711264670959031e-05
19 13 -0.0021599506934570764
20 13 -0.00010556132656583922
22 13 3.3592799060324181e-05
27 13 0.016531971626397007
29 13 -0.0036798986718671561
31 13 9.7193962846752696e-07
32 13 -3.8687588536446033e-08
33 13 8.6425611180014245e-09
34 13 -1.5877957602211706e-05
35 13 -5.3713172157053143e-10
36 13 0.0052001355764324207
37 13 -0.00013274539903275771
38 13 0.03253386150844155
39 13 -0.0080685524219753051
40 13 -6.6349094966171164e-06
41 13 0.0016478317174573607
42 13 7.2609171303915159e-06
43 13 8.7739566564885429e-06
44 13 0.0012285831855006941
45 13 6.6081856916674236e-07
46 13 3.673421674862641e-05
47 13 0.00014536528216157099
48 13 -1.1805975671163863e-06
13 14 -0.12215268801286883
14 14 0.013893464603997985
15 14 0.00033643266268121254
16 14 -0.0012564910352420595
17 14 -0.002396573080464837
18 14 -9.3417438890271406e-05
19 14 0.012842827495929974
20 14 0.00062765595132949464
22 14 -0.00019973906105544891
31 14 -5.7790453377841286e-06
32 14 2.3003211476640493e-07
33 14 -5.1387710792542534e-08
34 14 -0.0061837859968609703
35 14 3.1937257010627713e-09
36 14 0.0018920886093364503
37 14 -9.7877635399906272e-05
38 14 9.6520887573572464e-05
39 14 -0.00054363252845979454
40 14 3.9450436704079586e-05
41 14 5.8048338385281612e-05
42 14 -4.3172608731456781e-05
43 14 -5.2168974105467498e-05
44 14 0.00010488144338220923
45 14 -3.9291539920906033e-06
46 14 2.490841029107011e-05
47 14 5.1199296290809489e-06
48 14 7.0197023212241513e-06
9 15 0.078981026300852075
10 15 -0.011838477614039705
11 15 0.0010836889479761591
12 15 0.00012067283237535908
13 15 -2.5005501470666867e-05
14 15 0.030560992956509027
15 15 0.0074479991075303313
16 15 -0.0047691118706899849
17 15 -0.0053205847289048338
18 15 -0.013759114062887318
19 15 0.0024736695641543807
20 15 0.0029297532331327251
21 15 0.00053096127890464465
22 15 0.00063485300933577434
23 15 -0.00056877733467154473
24 15 -0.00015791824052551682
25 15 -0.00029769736849056486
26 15 4.9489896084140788e-05
27 15 -0.00029271625376492096
28 15 6.4915597193140165e-05
29 15 0.00013324685304260593
30 15 0.0022083839670431721
31 15 -0.020980370618127065
32 15 0.00043831687198138652
33 15 -7.4445009259489764e-05
34 15 -0.00039550192244794066
35 15 5.8444076841046414e-06
36 15 0.0001146904924203382
37 15 -5.5334748439469182e-05
38 15 -2.7249507638450335e-05
39 15 -2.1493935740657142e-05
40 15 0.0079232150993078388
41 15 -3.4275089067594039e-05
42 15 -0.0014767504091926439
43 15 -0.00069077904170461468
44 15 1.6732430764491506e-05
45 15 -0.00014455046153815683
46 15 -8.9164032519113252e-06
47 15 -9.0983727970296998e-06
48 15 0.00024258323741300185
14 16 -0.11165214481363867
15 16 -0.32060245043823654
16 16 0.1051289217377252
17 16 0.021578094992401799
18 16 0.057980740045458778
19 16 -0.0095818671095268936
20 16 -0.026667758000691669
22 16 -0.0040407120267647954
31 16 0.0035868391321941602
32 16 -0.00014277240317029326
33 16 3.1894446437279861e-05
34 16 0.0017839915042232697
35 16 -1.9822271071606678e-06
36 16 -0.00054585815324257876
37 16 0.00033979357834715165
38 16 -2.7845796005675398e-05
39 16 0.00016397342651657074
40 16 -0.012452597618533774
41 16 -1.7508858374599561e-05
42 16 0.0035199770910116835
43 16 0.0053762402488900891
44 16 -0.00011517003390897532
45 16 0.000322943691236409
46 16 9.4744218186403162e-05
47 16 -1.0088731909601086e-06
48 16 -0.00057296478294827796
14 17 -0.24559711061129325
15 17 -0.005947176764389852
16 17 0.048430661462063714
17 17 0.043004306487732576
18 17 0.002396504301151469
19 17 -0.019923590514495264
20 17 -0.015729506297696594
22 17 -0.0043541103158278478
31 17 0.00014825397884025391
32 17 -5.9011781846019753e-06
33 17 1.3182856584765676e-06
34 17 0.003067755129288714
35 17 -8.1930927139686302e-08
36 17 -0.00093865870185467636
37 17 0.00038708999868720712
38 17 -4.7883682922991604e-05
39 17 0.00027745046179590229
40 17 -0.00099970887072509443
41 17 -2.9625781108262549e-05
42 17 0.001083665289415498
43 17 0.0036067372225596262
44 17 -0.00014429592100259067
45 17 9.8627407033423733e-05
46 17 1.9136806545169483e-05
47 17 -2.5913266786774333e-06
48 17 -0.00017620050910443428
9 18 -0.17807692203988279
10 18 0.02669197595781941
11 18 -0.0024433715455803233
12 18 -0.00027207859367873056
13 18 5.6379398249375226e-05
14 18 -6.4125086947728833e-06
15 18 -0.22525488608479302
16 18 0.10007566415333641
17 18 0.0024426567983392641
18 18 0.069318461659630612
19 18 -0.0006372431014442907
20 18 -0.023572842224190135
21 18 -0.0011971476530266208
22 18 -0.0024889681233767344
23 18 0.0012824107488618982
24 18 0.00035605506187800107
25 18 0.00067121223366023366
26 18 -0.00011158386741098046
27 18 0.00065998141506727961
28 18 -0.00014636388360542919
29 18 -0.00030042898367695515
30 18 -0.0049791986500057851
31 18 0.049673111208633339
32 18 -0.0010825648303455096
33 18 0.00018891582076126654
34 18 0.00046988924193006791
35 18 -1.4486521474145647e-05
36 18 -0.00012951723110939063
37 18 0.00019744666762864889
38 18 6.80233040939565e-05
39 18 1.3195090777129886e-05
40 18 -0.026067762220862361
41 18 8.1045096037704557e-05
42 18 0.0056130481757852577
43 18 0.0046084770685037475
44 18 -5.2200899428660377e-05
45 18 0.00053544735264161121
46 18 0.0001074082603208887
47 18 2.1199936387558826e-05
48 18 -0.00091864479079273287
13 19 -0.11673050505166535
14 19 0.053867504075982592
15 19 0.0013044109834964334
16 19 -0.0048716456183910007
17 19 -0.21230401000366819
18 19 -0.00036219650127740599
19 19 0.068031402275282427
20 19 0.03679586030316135
22 19 0.018569161026139216
31 19 -2.2406416049657933e-05
32 19 8.9187659327397058e-07
33 19 -1.9923955611303346e-07
34 19 -0.015537067828813509
35 19 1.2382658834432385e-08
36 19 0.0047539661101319965
37 19 -0.0016957050875578382
38 19 0.00024251349867041578
39 19 -0.001399119920088419
40 19 0.0012923379861488229
41 19 0.00014939611283559763
42 19 -0.0023713471725610429
43 19 -0.010488691223993997
44 19 0.00065864677915981472
45 19 -0.00021557193764103663
46 19 0.00010348389609107465
47 19 1.317578241816286e-05
48 19 0.00038551240815987836
16 20 -0.21772577084545097
17 20 -0.2069006535623322
18 20 -0.10453920088800732
19 20 0.053498620428976768
20 20 0.081310578933858041
22 20 0.023009750734377898
31 20 -0.0064670664137681955
32 20 0.00025741846214072004
33 20 -5.7505646542359627e-05
34 20 -0.010031801275737315
35 20 3.5739529643577372e-06
36 20 0.0030694880021049659
37 20 -0.0019326236075724022
38 20 0.00015658342051089451
39 20 -0.00092256231973252088
40 20 0.023553808806887302
41 20 9.8509943599345092e-05
42 20 -0.0084777605116719383
43 20 -0.018908097753404511
44 20 0.00065359257826675754
45 20 -0.00077599542763727187
46 20 -0.00012675112880413552
47 20 7.7243085086570543e-06
48 20 0.0013795296591347407
10 21 -0.076976411130720929
11 21 -0.0071854732393007454
12 21 -0.00080012941846745026
13 21 0.00016580067738840222
14 21 -1.8857921836087437e-05
15 21 -4.5664785831198687e-07
16 21 1.7054644327895662e-06
17 21 3.2529242427315102e-06
18 21 1.2679765709506883e-07
19 21 -1.7431867714472716e-05
20 21 -8.5193198438931501e-07
21 21 0.0037266591468967168
22 21 2.7111046152687178e-07
23 21 -0.0034842882766915723
24 21 -0.0014814918484740583
25 21 0.0022224015662049472
26 21 -5.844152030760728e-05
27 21 0.0019475158583229125
28 21 0.00052440954549038766
29 21 -0.000913782496023951
30 21 0.0010898415662694938
31 21 -7.9453587713511104e-05
32 21 -0.00019265727774285494
33 21 -0.00018613444435105038
34 21 -1.2814295128874675e-07
35 21 1.7818529207464462e-05
36 21 4.196765960458471e-05
37 21 -1.0713208605425569e-06
38 21 0.00022416129168698548
39 21 -9.7388841385412592e-05
40 21 8.1628513704461431e-06
41 21 0.00021521101573557727
42 21 3.5253816862440417e-05
43 21 1.7896386059539867e-06
44 21 2.1471264458107111e-05
45 21 1.432305185352776e-05
46 21 3.5716072975525068e-07
47 21 1.9478116797475383e-05
48 21 -8.4357824898452949e-06
17 22 -0.083242647978623255
19 22 -0.024603659073479656
20 22 0.097794249157092075
22 22 0.017282942774903033
34 22 0.00019604487210128012
36 22 -5.998497839510426e-05
37 22 -0.001310268630128811
38 22 -3.0600064538243197e-06
39 22 -1.2856177638779527e-05
40 22 0.0032426489292911817
41 22 1.3727650772324157e-06
42 22 -0.0062724083070559312
43 22 -0.019996887914310403
44 22 0.00035462414295451996
45 22 -0.0005701562496459511
46 22 -0.00033860528288756414
47 22 1.2109985589677347e-07
48 22 0.0010197000452323612
9 23 -0.00059413417687802976
10 23 0.055885628741187292
11 23 -0.0051157454693076341
12 23 -0.00056965746180733759
13 23 0.00011804289514553916
14 23 -1.3426022891000291e-05
15 23 -5.0785687255207824e-05
16 23 1.629869664178819e-05
17 23 2.6839599473493584e-06
18 23 0.00010204733036940873
19 23 -1.2505893385284101e-05
20 23 -1.2259776706236795e-05
21 23 -0.24296164701074205
22 23 -9.7649261302731986e-07
23 23 0.06009052508383974
24 23 0.084640931082178558
25 23 -0.006839584434519163
26 23 -0.0091821239750124843
27 23 0.0011614832498219119
28 23 -0.014345038446730636
29 23 0.00037564724475080676
30 23 -0.018810835002320815
31 23 0.0015280400768863099
32 23 0.0033190588617252026
33 23 0.004565443225194755
34 23 1.0552913096839215e-07
35 23 -0.00053909410548055284
36 23 2.9818950211895118e-05
37 23 -6.7022999078851155e-07
38 23 7.3260750563243935e-05
39 23 -5.8472419377493079e-06
40 23 -0.00020067873456885131
41 23 0.0014230794963968675
42 23 -0.00059650226156668709
43 23 -2.6955272920034481e-05
44 23 5.0437777627271527e-05
45 23 -0.00026183645223539192
46 23 -7.6851533797478921e-07
47 23 0.0011052697199070772
48 23 0.00014747559993885738
11 24 0.01802733932622021
12 24 0.0020074119061095639
13 24 -0.00041597052445341276
14 24 4.7311867236119433e-05
15 24 1.1456650968173431e-06
16 24 -4.2787698199943679e-06
17 24 -8.1611283172652338e-06
18 24 -3.1811744530899745e-07
19 24 4.3734098494696189e-05
20 24 2.1373772407147523e-06
21 24 -0.33794974442354586
22 24 -6.8017792594391524e-07
23 24 0.080966039361618392
24 24 0.11836630851949091
25 24 -0.016842993320774664
26 24 -0.012082175502354339
27 24 -0.0051871479639282406
28 24 -0.019901472519800872
29 24 0.0036654985972765543
30 24 -0.025325159155972627
31 24 0.0018464628441342663
32 24 0.0044768609666680529
33 24 0.0062974343194542063
34 24 3.2149259877701948e-07
35 24 -0.00074050705947314153
36 24 -0.00010529094121193591
37 24 2.6877930008321022e-06
38 24 -0.00067788622078266347
39 24 0.00032924936718227893
40 24 -0.00019079395697459481
41 24 0.0011589708530472718
42 24 -0.00081799478215602436
43 24 -4.0118874743068444e-05
44 24 -6.8037210169646009e-06
45 24 -0.00035849998089626138
46 24 -2.1542402332287448e-06
47 24 0.0013998236112890317
48 24 0.00020209953539541064
11 25 -0.29268337534557615
12 25 -0.03259139253758267
13 25 0.006753501164989786
14 25 -0.0007681331529844007
15 25 -1.8600477945428577e-05
16 25 6.946808791806937e-05
17 25 0.00013250022864169241
18 25 5.1648047426459013e-06
19 25 -0.00071004618782018495
20 25 -3.4701448387856574e-05
21 25 0.0056396597790074523
22 25 1.1043047872919739e-05
23 25 -0.0013511503505709984
24 25 -0.14860119768090307
25 25 0.099197773770897085
26 25 0.0070331386440774177
27 25 0.079559272289257299
28 25 -0.0014832496446542873
29 25 -0.038277665926467863
30 25 0.00042262284214040108
31 25 -3.0494343215745161e-05
32 25 -7.4721957125844325e-05
33 25 0.00035893107703049759
34 25 -5.219602141832436e-06
35 25 1.3766326435680424e-05
36 25 0.0017094540414180691
37 25 -4.3637738962929709e-05
38 25 0.0092195923623958845
39 25 -0.0040322721146251843
40 25 1.0050747239282168e-06
41 25 0.0074583136688164686
42 25 1.6035033357871242e-05
43 25 3.5508192339645111e-06
44 25 0.00083835158373804248
45 25 -1.8254058852090077e-05
46 25 1.2099271743996009e-05
47 25 1.5378547443671911e-05
48 25 2.188090566639693e-06
24 26 -0.16465987009918098
25 26 -0.087424347666092361
26 26 0.028361717276117498
27 26 -0.00233631187612347
28 26 -0.0080166747235231386
29 26 0.021762515743996021
33 26 0.002049116194117493
35 26 -7.9155863156957076e-06
38 26 -0.0020003329106666958
39 26 0.0013796721310938614
41 26 -0.009438904665467894
44 26 -0.00052206575359138206
45 26 -0.00010466420239587569
47 26 -0.0034067142651956687
48 26 2.5459771516116911e-05
11 27 -0.24568530969230842
12 27 -0.19948591456950648
13 27 0.041336937502460584
14 27 -0.0047016016378420497
15 27 -0.00011385010168236797
16 27 0.0004252013790374484
17 27 0.00081100950997343329
18 27 3.1612819135345269e-05
19 27 -0.0043460620162383235
20 27 -0.00021240117802746514
21 27 0.0047340630732057203
22 27 6.7592463317544106e-05
23 27 -0.001134187385699508
24 27 -0.0078490321013087606
25 27 0.098331863963693034
26 27 -0.0093313267549557932
27 27 0.095888707071115672
28 27 0.0030305138503743285
29 27 -0.043202525799382038
30 27 0.00035475955452444672
31 27 -2.3910220623775952e-05
32 27 -6.2790536471628812e-05
33 27 -0.00079155909664244183
34 27 -3.1948223929115451e-05
35 27 1.4925304874725987e-05
36 27 0.010463253525408145
37 27 -0.00026709856771928793
38 27 0.064660684332127169
39 27 -0.017691365141313999
40 27 -1.0675619654184455e-05
41 27 0.012647266664217631
42 27 2.606634024170748e-05
43 27 1.8213684749404751e-05
44 27 0.0030012046208252661
45 27 4.1845796412128686e-05
46 27 7.393310446362781e-05
47 27 0.0019592539265534232
48 27 -1.384029143039644e-05
21 28 0.045601524141210555
23 28 -0.10642219690233042
24 28 -0.017023133729387272
25 28 0.0016729671738635232
26 28 -0.20933934872044707
27 28 4.4708061095181743e-05
28 28 0.072832639057804849
29 28 -0.019237751297686963
30 28 0.033287525183767402
31 28 -0.0024270265442630432
32 28 -0.005884409064482855
33 28 -0.020207580677844783
35 28 0.00054906865649400271
38 28 0.0019089077512585467
39 28 -0.0012475547366844382
40 28 0.00025095718121576343
41 28 0.038503601675754486
42 28 0.0010749834940212495
43 28 5.2498956719485167e-05
44 28 0.0015131087741052775
45 28 0.0011911361853780664
46 28 1.8539105853463294e-06
47 28 0.022263253278930091
48 28 -0.00044073597625310617
25 29 -0.25609913334856516
26 29 0.13534770350098393
27 29 -0.275294616842089
28 29 -0.039106537155656033
29 29 0.1282171794854432
33 29 0.0099958949745556497
35 29 -6.2132495594926447e-05
38 29 0.0064186824908400095
39 29 0.004511580941969801
41 29 -0.050028471604432044
44 29 -0.0023728478875860684
45 29 -0.00050503856748881665
47 29 -0.016690611763422392
48 29 0.00012285161727462743
9 30 0.025770793887321234
10 30 -0.0038627880748086998
11 30 0.00035359789337100937
12 30 3.9374452784378336e-05
13 30 -8.159068761590803e-06
14 30 9.2800031570983704e-07
15 30 0.0021887688808302969
16 30 -0.0006543789277594958
17 30 -1.6123035035336104e-05
18 30 -0.0044224319746668309
19 30 4.985390736233732e-06
20 30 0.00050550551745963152
21 30 0.00017324785865250854
22 30 5.0714661209858034e-05
23 30 -0.28764027690665761
24 30 -5.1527292290801849e-05
25 30 -9.7135956361781269e-05
26 30 1.6148105073124113e-05
27 30 -9.5510663719537079e-05
28 30 0.027683315151343899
29 30 4.3477241898768964e-05
30 30 0.090632788669595926
31 30 -0.013397146394714418
32 30 -0.015751396074518659
33 30 -0.011392476783529054
34 30 -8.528292125812869e-06
35 30 0.001062263029750423
36 30 5.4614717066953789e-07
37 30 -3.9596770179042555e-06
38 30 -1.0772435029897381e-05
39 30 3.8612230004714094e-06
40 30 0.0032348161835364987
41 30 -1.2344815489723859e-05
42 30 0.0024527477840179559
43 30 2.7490598488818125e-05
44 30 9.3800072165027802e-08
45 30 0.0010258639305196823
46 30 2.0808166632480697e-06
47 30 -0.0002896278447963173
48 30 -0.00059405086455401317
9 31 -0.28052511888097287
10 31 0.042047951205369381
11 31 -0.0038490506543054225
12 31 -0.00042860623915995014
13 31 8.8814638164071155e-05
14 31 -1.0101644521481303e-05
15 31 -0.023825600917943477
16 31 0.0071231692475430151
17 31 0.00017550550983355404
18 31 0.10839318155488753
19 31 -5.4267917979745232e-05
20 31 -0.010836093673221319
21 31 -0.0018858703521849769
22 31 -0.001075071695806927
23 31 0.0020201855673255111
24 31 0.00056089462585796695
25 31 0.0010573626806045637
26 31 -0.00017577840694962975
27 31 0.0010396707377922688
28 31 -0.00023056747262903738
29 31 -0.000473266695065588
30 31 -0.08854804687111438
31 31 0.084084672002390615
32 31 0.012563132214004707
33 31 -0.005099564123468449
34 31 0.00017575008478265905
35 31 0.00031261091253664152
36 31 -3.1315404253546098e-05
37 31 8.4378944997657245e-05
38 31 0.00011596793073703707
39 31 -3.3825905849614275e-05
40 31 -0.040640571527880698
41 31 0.00013350200033652188
42 31 0.0045241511506879488
43 31 0.0021964173851096655
44 31 -1.3319222859081277e-05
45 31 0.00023565458802055289
46 31 5.391106469391649e-05
47 31 -5.6738201901016818e-05
48 31 -0.00069277557794291344
30 32 -0.21602745246381785
31 32 -0.027485095921216774
32 32 0.039909280097272418
33 32 -0.014830278681570564
35 32 0.00092169589671872948
40 32 0.0093365422091466616
42 32 -0.0089916492202933521
43 32 -0.00043912507110889845
45 32 -0.0014295338457656853
46 32 -1.5506948489846679e-05
47 32 -0.00024908437992235524
48 32 0.0016106838121541271
23 33 0.03392991664708149
28 33 -0.2469285233438259
30 33 0.01757112749526616
31 33 -0.0012811283689073173
32 33 -0.19436717984519106
33 33 0.10823503837438771
35 33 -0.0098852403293151273
40 33 -0.011525720986857889
42 33 0.038560863010025578
43 33 0.0018831964299810097
45 33 0.0058834072242588149
46 33 6.6501850969781504e-05
47 33 0.0026714439833969623
48 33 -0.0068473227575471026
12 34 0.008262645110700113
13 34 0.060452041829602864
14 34 -0.0068757251032454591
15 34 -0.00016649687966839265
16 34 0.00062182379984116148
17 34 0.0011860380517594309
18 34 4.6231278371984031e-05
19 34 -0.16546919301277566
20 34 -0.00031062012995057846
22 34 -0.15749043585951752
27 34 -0.001377791803119033
29 34 0.00030668660344853097
31 34 2.8599869243818265e-06
32 34 -1.1384040130615648e-07
33 34 2.5431221309113112e-08
34 34 0.047118398258812408
35 34 -1.5805402469128202e-09
36 34 -0.014850067478962073
37 34 0.01284477673283217
38 34 -0.0034468425338505162
39 34 0.0050915746221932914
40 34 -1.9523593697585054e-05
41 34 -0.00060920100320672761
42 34 2.1365656305918967e-05
43 34 0.038738422883919918
44 34 -0.0041960044306186368
45 34 1.9444957401165733e-06
46 34 -0.0022295272853581098
47 34 -5.3740853820562629e-05
48 34 -3.4739746235407997e-06
8 35 0.045679541626157685
26 35 0.0056339132954896674
28 35 0.010971176071013106
29 35 0.00050785101726280807
33 35 -0.067021345839269178
35 35 0.0054656434324349143
38 35 -5.0474773597571769e-05
39 35 3.2950106473459777e-05
41 35 -0.0010340604979511866
44 35 -4.0558315438705077e-05
45 35 0.0017181979282835686
47 35 -0.0026408233748430559
48 35 -0.00041795499962926066
12 36 -0.047738040163207505
13 36 0.0098921489618701529
14 36 -0.0011251182736538672
15 36 -2.7244934753548432e-05
16 36 0.00010175295109805079
17 36 0.00019407888844385178
18 36 7.565115726651981e-06
19 36 -0.0010400357515502
20 36 -5.0828731388224366e-05
22 36 1.6175235908492008e-05
27 36 0.0079602935322320035
29 36 -0.0017719044200487427
31 36 4.6799770245530132e-07
32 36 -1.8628423019586465e-08
33 36 4.1614711738130579e-09
34 36 -0.35929483373168736
35 36 -2.586337713250962e-10
36 36 0.11243708209985193
37 36 -0.0066329797307879586
38 36 0.021273355431261607
39 36 -0.035491154312590617
40 36 -3.1947687999012523e-06
41 36 0.0041682991746824659
42 36 3.4961971250204056e-06
43 36 4.2247393113843238e-06
44 36 0.0069257857197069887
45 36 3.181901046646825e-07
46 36 0.0018194042374336304
47 36 0.0003677107858507916
48 36 -5.6846838296525642e-07
4 37 0.057006477181064712
5 37 -0.0097186976990354165
6 37 -0.00087345130158951163
7 37 -8.5365133744028866e-05
8 37 1.102236634372327e-05
22 37 -0.078121158529021822
34 37 0.022995447075905884
35 37 2.6925581761634737e-07
36 37 -0.028284888323878262
37 37 0.0086929286421524761
38 37 -0.001442893589903032
39 37 0.0082924213520531483
41 37 -0.00073067531172350863
43 37 0.019190857821626658
44 37 -0.0020247309179170412
45 37 -1.7937687995524854e-07
46 37 -0.0044217255938537176
47 37 8.4161059481163074e-05
48 37 4.3633776156445622e-08
12 38 -0.32610565481360099
13 38 0.067574741311030875
14 38 -0.0076858503222640515
15 38 -0.0001861142027989526
16 38 0.00069508954774017404
17 38 0.0013257817619889835
18 38 5.167843106558642e-05
19 38 -0.0071046389552085337
20 38 -0.00034721862640428586
22 38 0.00011049544304017451
27 38 -0.011578553181575933
29 38 -0.075513177103439993
31 38 3.1969619341028381e-06
32 38 -1.2725352918088534e-07
33 38 2.8427628731398056e-08
34 38 -5.2226727420925976e-05
35 38 -1.7667657714169286e-09
36 38 0.071877279563110907
37 38 -0.0018061560004144616
38 38 0.12069953432076866
39 38 -0.047269495029361897
40 38 -2.1823940989366743e-05
41 38 0.021182247349286382
42 38 2.3883042724718415e-05
43 38 2.8859822792171753e-05
44 38 0.0078750044664555041
45 38 2.1736039452423277e-06
46 38 0.0004964512909424397
47 38 0.0018686137923770675
48 38 -3.8832921006796968e-06
29 39 0.036778829152089569
36 39 -0.30734520930302339
37 39 0.037706770466264847
38 39 -0.22540445810968351
39 39 0.13213637808876438
41 39 -0.021967861970325502
44 39 -0.029512433308461754
46 39 -0.010341949871085328
47 39 -0.0019379171011037017
18 40 -0.18895420883885156
20 40 0.047399826900675256
22 40 0.0046482302219471019
31 40 -0.27677187368354111
32 40 0.070237946177438199
33 40 -0.01569071026666705
34 40 -0.00073689718074081427
35 40 0.00097517137606869945
36 40 0.00022547267364032386
37 40 -0.00036683259343225748
38 40 1.1502010252565631e-05
39 40 -7.291988971891364e-05
40 40 0.11011019669983381
41 40 7.7862861617449515e-06
42 40 -0.033057273219125438
43 40 -0.010242266551615043
44 40 0.00010929682070215059
45 40 -0.0044713783047360539
46 40 -0.00025887600760255894
47 40 -0.00026284902475874145
48 40 0.0057308220693259564
6 41 -0.22988764591107216
7 41 -0.022467640272086208
8 41 0.0029010270481213524
26 41 -0.15665023739326162
28 41 0.045261560932338907
29 41 -0.18379479826677672
33 41 -0.011569160615354436
35 41 0.00014277827303319179
38 41 0.018267169928944286
39 41 -0.11597920060789753
41 41 0.11802915161062437
44 41 0.051394801602849531
45 41 0.0005373161582619331
47 41 0.063737234578250271
48 41 -0.00013070320422950638
2 42 -0.081247103021605094
3 42 -0.0078567355455980495
4 42 0.00091736259694654798
5 42 -0.00015639573257277104
6 42 -1.4055798462821829e-05
7 42 -1.3737172449962134e-06
8 42 1.7737469693940053e-07
20 42 -0.064757335880545011
22 42 -0.0063503819615940557
32 42 -0.21804840367097431
33 42 0.048710625983672588
34 42 0.0010067441457677516
35 42 -0.0030273416165097346
36 42 -0.00030803930337988124
37 42 0.0005301690065672264
38 42 -1.5713971757484498e-05
39 42 0.00010028721397195536
40 42 -0.1981624650975812
41 42 -8.2178033434029533e-06
42 42 0.081979332534817956
43 42 0.030715655644211345
44 42 -0.0001328690598073591
45 42 0.012004489275008558
46 42 0.015188468335395089
47 42 0.00081979397598035586
48 42 0.0030227872047022004
2 43 -0.13920161272808482
3 43 -0.013461036985337075
4 43 0.0015717280764758616
5 43 -0.00026795463946733964
6 43 -2.4081964050895959e-05
7 43 -2.3536058373060348e-06
8 43 3.0389814470743774e-07
20 43 -0.12641725474894866
22 43 -0.24276512050632296
34 43 0.038486246235965638
35 43 7.4236639278360152e-09
36 43 -0.011775858374813293
37 43 0.019208417839323196
38 43 -0.00060072044018925398
39 43 0.0038095570204458198
40 43 -0.0041917268069323983
41 43 -0.0004025118980230113
42 43 0.054632072153431174
43 43 0.10784067635487396
44 43 -0.0056801054701108517
45 43 0.0049660010674809031
46 43 0.022843453986207331
47 43 -3.1410430890964103e-05
48 43 0.021028713032228134
4 44 -0.0024878334714917554
5 44 -0.24999825974902384
6 44 -0.17704064735104358
7 44 -0.017302737441398718
8 44 0.0022341335679298222
35 44 5.4575709220518575e-05
37 44 -0.30412305424498198
39 44 -0.12826460436687709
41 44 0.075789553216477207
44 44 0.16398003331723621
45 44 -3.6358064713277156e-05
46 44 0.083529629488940993
47 44 0.03680943561199132
48 44 8.8441702050815542e-06
1 45 -0.063523962592384353
2 45 -0.0083898148944981325
3 45 -0.00081130962768066934
4 45 9.4729560726257439e-05
5 45 -1.6149883476166052e-05
6 45 -1.4514431027293115e-06
7 45 -1.4185408432142376e-07
8 45 -0.012657895482077309
32 45 -0.03203541747344766
33 45 -0.059394422738625288
35 45 -0.28788212577055383
37 45 2.9951104718966846e-06
39 45 6.8621725398967909e-08
40 45 -0.0019526978257428048
41 45 2.4987259796441715e-07
42 45 0.093492598470815758
43 45 0.0061070675494407471
44 45 1.6988351746291185e-06
45 45 0.083250662314639803
46 45 0.0016865646872635353
47 45 0.07795458006002802
48 45 -0.020129913030752331
2 46 -0.11044053210037667
3 46 -0.16499229269862181
4 46 -0.048299466161011828
5 46 0.0082342908008983806
6 46 0.00074004277532215695
7 46 7.2326700271342105e-05
8 46 -9.3388407170294552e-06
22 46 0.00038790922651195186
34 46 -6.1496354903064059e-05
35 46 -2.281304317456764e-07
36 46 1.8816393821982923e-05
37 46 -0.22032487431099732
38 46 9.5987842412338432e-07
39 46 -0.0050533023222246905
41 46 0.00040844698694925179
42 46 0.0086398426528868453
43 46 0.051480052842660093
44 46 0.058766223569683751
45 46 0.00078550587268331811
46 46 0.098642465258789433
47 46 -8.9887206809394576e-05
48 46 0.02232570904944161
6 47 -0.16777513532634905
7 47 -0.17075430153888008
8 47 -0.0021691601453439208
26 47 -0.068974724188686845
28 47 0.019929134699107769
29 47 -0.0062175049574669959
33 47 -0.0050940214060155413
35 47 -0.2851036612044216
38 47 0.00061795121876761778
39 47 -0.00040340068914696014
41 47 0.11237349739525394
44 47 0.026563675377939643
45 47 0.067312069367849919
47 47 0.13348199795814927
48 47 -0.016373792253252785
1 48 -0.2879252501999221
2 48 -0.28318755942081381
3 48 -0.027384727349367987
4 48 0.003197476159416427
5 48 -0.00054511883087494158
6 48 -4.8991620800791774e-05
7 48 -4.7881046766838491e-06
8 48 0.053215570071655928
35 48 0.0012999569586727825
37 48 0.00010109615473022677
39 48 2.3162392953058643e-06
41 48 8.4341325849852754e-06
42 48 -0.13215471097118853
43 48 0.045566219756394299
44 48 5.7342026374972872e-05
45 48 -0.28057553446725148
46 48 0.051257594090964996
47 48 -0.00099552124818567023
48 48 0.19955883666399846


# name: BSOR
# type: sparse matrix
# nnz: 1199
# rows: 48
# columns: 48
1 1 0.5
2 1 0.033018307391862685
3 1 0.0015964637488191233
4 1 -9.3202585351640022e-05
5 1 7.9447792302977922e-06
6 1 3.5701170951297623e-07
7 1 1.7445936754171963e-08
8 1 -0.046205528249664798
35 1 -0.00056435736661680498
37 1 -1.4734156753941608e-06
39 1 -1.6878897593951694e-08
41 1 -3.0730602939921801e-08
42 1 -0.0012915230264875339
43 1 -0.0030641929821071212
44 1 -3.6493061596970972e-07
45 1 -0.011230401178757565
46 1 -0.0028804636502469017
47 1 0.00035984935190870777
48 1 -0.047152509797560048
1 2 0.092452962256367413
2 2 0.50610528065413807
3 2 0.024470628492888311
4 2 -0.0014286111052654409
5 2 0.00012177773604094484
6 2 5.4722826732301899e-06
7 2 2.6741166990954102e-07
8 2 -0.0085436929744710059
35 2 -0.00010435322895134165
37 2 -2.2584545145380344e-05
39 2 -2.5872008224215228e-07
41 2 -4.7103930074298704e-07
42 2 -0.019796490959825681
43 2 -0.046968011739146824
44 2 -5.5936638308768889e-06
45 2 -0.0029654553535514534
46 2 -0.044151804840290763
47 2 6.6067262603989257e-05
48 2 -0.060954563622692456
2 3 0.019762199342920801
3 3 0.50095551944784678
4 3 -0.029246106961870667
5 3 0.0024929980459350983
6 3 0.00011202696366912612
7 3 5.4743731671984778e-06
8 3 -3.5342618177137784e-07
35 3 -4.3167706721191756e-09
37 3 -0.00046234417510303852
39 3 -5.296441537203415e-06
41 3 -9.6429782198945766e-06
42 3 -0.0007730055693802528
43 3 -0.0018339883937389114
44 3 -0.00011451184307864994
45 3 -3.513038562421136e-05
46 3 -0.024780925984683882
47 3 -9.7602104007380797e-06
48 3 -0.0020645882876389556
3 4 -0.065785454313486175
4 4 0.50384059733588338
5 4 -0.042948404252871115
6 4 -0.0019299571175871639
7 4 -9.4310379504417607e-05
8 4 6.0886893004251525e-06
35 4 7.4367652311404612e-08
37 4 0.0079650862818215293
39 4 9.1245042334635036e-05
41 4 0.00016612549194129839
44 4 0.0019727656571180618
45 4 -4.0801892296151301e-08
46 4 -0.0097955653431973863
47 4 0.00016814512252324843
48 4 4.9625699690334488e-09
4 5 -0.10413077548272352
5 5 0.50887632053519416
6 5 0.022867193644867743
7 5 0.0011174412587698765
8 5 -7.2142140365441602e-05
35 5 -8.8114885601455902e-07
37 5 -0.0016461766195469069
39 5 -1.885798220210786e-05
41 5 -0.0020250597391743967
44 5 -0.039516374004673747
45 5 4.8344326602427229e-07
46 5 0.0026718255734988873
47 5 -0.0019947774325503776
48 5 -5.8799259021861671e-08
5 6 0.065282078987364253
6 6 0.50293355749030244
7 6 0.024576636568856332
8 6 -0.0015866705754293332
35 6 -1.937969895721656e-05
41 6 -0.044560643318053553
44 6 -0.039556603624777385
45 6 1.0632692642670984e-05
47 6 -0.043873457351407387
48 6 -1.2932116190958895e-06
6 7 0.02457408354666105
7 7 0.50120085110914603
8 7 -0.032357586466601959
35 7 -0.00039521769320967619
41 7 -0.0021772994772016698
44 7 -0.0016931747565405574
45 7 0.00021683661176166556
47 7 -0.020747851733235154
48 7 -2.6372964516082224e-05
1 8 -0.055172232671827331
2 8 -0.0036433874757075286
3 8 -0.00017616093880397276
4 8 1.0284389449273057e-05
5 8 -8.7666241644058212e-07
6 8 -3.9394266207633511e-08
7 8 -0.066980573558124493
8 8 0.50942279796939005
35 8 0.0062221236212932013
37 8 1.625832649303285e-07
39 8 1.8624929305948989e-09
41 8 3.3909519510938131e-09
42 8 0.00014251241783678567
43 8 0.00033811673632038906
44 8 4.0268073706708182e-08
45 8 -0.0021403956535402443
46 8 0.00031784322142832625
47 8 -0.0014418212013305736
48 8 0.0056140666368773573
9 9 0.5
10 9 -0.037472536660086382
11 9 0.0017151096262161194
12 9 9.5491947581574741e-05
13 9 -9.8937929469512253e-06
14 9 5.6265262903289699e-07
15 9 0.021232825819718922
16 9 -0.0031736509553784999
17 9 -3.8761986874076921e-05
18 9 -0.040945203603165295
19 9 5.4962971087129208e-06
20 9 0.0020853925821123004
21 9 0.00085685448997058862
22 9 0.00010374037127099865
23 9 -0.00086958322286931008
24 9 -0.00012784797459792702
25 9 -0.00024157555430834852
26 9 2.0062527583266186e-05
27 9 -0.00022060573448472325
28 9 5.8626798219082707e-05
29 9 5.1273787329399934e-05
30 9 0.0065631028927924939
31 9 -0.064711374811412689
32 9 0.00069828194190638885
33 9 -1.1234726394197172e-05
34 9 -8.2322081671158421e-06
35 9 8.025775514146862e-07
36 9 -1.242560578768392e-06
37 9 -3.9714151332375465e-06
38 9 -1.0820252355981607e-05
39 9 2.3580106532171438e-06
40 9 0.011946690107244201
41 9 -7.2454063613075016e-06
42 9 -0.0010480339204750936
43 9 -0.00020300953354602367
44 9 2.4283501275689184e-07
45 9 -5.7639831448785623e-05
46 9 -3.0152930596460474e-06
47 9 -1.3392006879820344e-06
48 9 8.0612749526924542e-05
9 10 -0.049323490865000298
10 10 0.50369655263928437
11 10 -0.02305407861655874
12 10 -0.0012835790978859118
13 10 0.00013298991325597412
14 10 -7.5630372223818111e-06
15 10 -0.0020946450788258959
16 10 0.00031339698294854137
17 10 4.4669574302033621e-06
18 10 0.004039133178576528
19 10 -7.0957396819546696e-06
20 10 -0.00020580038752862558
21 10 -0.011517625738195293
22 10 -1.0147327196256408e-05
23 10 0.0098717462087208867
24 10 0.0017185007956902524
25 10 0.0032471987421296405
26 10 -0.00026967552457385287
27 10 0.0029653276200746065
28 10 -0.00070062192832828817
29 10 -0.00068920954438847493
30 10 -0.0021778936132181882
31 10 0.0064393759940601118
32 10 6.7500992267684374e-05
33 10 0.00022922049557232
34 10 -3.0582892833995156e-06
35 10 -1.2659158413597117e-05
36 10 3.4098992625819944e-05
37 10 -5.6859648773166633e-08
38 10 0.00014588688152808362
39 10 -3.4752800906347395e-05
40 10 -0.0011813582098786199
41 10 9.7554168463691234e-05
42 10 9.0701951385270001e-05
43 10 1.9712492420650761e-05
44 10 4.1476808595790099e-06
45 10 -1.3342165605041648e-06
46 10 3.534528424463543e-07
47 10 1.8261232466376512e-05
48 10 -6.2076210977397641e-06
10 11 -0.10233170959569407
11 11 0.50468369947267733
12 11 0.028099212224494463
13 11 -0.0029113217895582106
14 11 0.00016556469977072394
15 11 2.0045890056052526e-06
16 11 -7.1870118478665285e-06
17 11 -1.4184678665040144e-05
18 11 -2.7405007686885035e-07
19 11 0.0001445262957057259
20 11 1.8238738533343869e-06
21 11 -0.0024772647505181163
22 11 -1.9042295954663562e-06
23 11 -0.0014257760328366125
24 11 0.0067973752271852485
25 11 -0.073267988162603506
26 11 0.0034209582357685002
27 11 -0.064944033484965094
28 11 -0.00048599770865871618
29 11 0.015212296105973055
30 11 0.00022298240865586483
31 11 -8.137411238790649e-06
32 11 -1.9870495875527415e-05
33 11 4.1815289024290488e-05
34 11 8.5353859924747872e-05
35 11 8.9797473073024521e-06
36 11 -0.00074928678026679935
37 11 9.8936519941027061e-06
38 11 -0.0031989021690777782
39 11 0.00076460494209573313
40 11 4.718367618241589e-07
41 11 -0.0019459568540148001
42 11 1.7901099557625908e-06
43 11 1.3357885028049244e-07
44 11 -8.8937642239556071e-05
45 11 -1.7706650245148451e-06
46 11 -1.3548729488948105e-06
47 11 -0.00024241425909925438
48 11 8.9641443746635979e-08
11 12 0.054264873674755902
12 12 0.50302129869325196
13 12 -0.052117363853387555
14 12 0.0029638756286494527
15 12 3.5885382013193078e-05
16 12 -0.00012865912412612671
17 12 -0.000253928666278235
18 12 -4.9059391584432497e-06
19 12 0.0025872542041533034
20 12 3.2650288806217047e-05
21 12 -0.00052280971735258288
22 12 -3.4088786421087827e-05
23 12 6.2627406666647211e-05
24 12 0.00077560874005251396
25 12 -0.0078801585701454638
26 12 0.00036532964169331883
27 12 -0.048670347696410328
28 12 -6.8179010952859739e-05
29 12 0.0062754455620532938
30 12 -9.7945327069470182e-06
31 12 2.0531748946557953e-07
32 12 8.7584176083136074e-07
33 12 9.6047119360283322e-06
34 12 0.0015279719988164555
35 12 6.9515259450727725e-07
36 12 -0.013413443988829538
37 12 0.00017711235586008182
38 12 -0.082812331548043863
39 12 0.010221734415768137
40 12 9.9314652098785286e-07
41 12 -0.0012460619819495355
42 12 -1.1230613708415301e-06
43 12 1.5813421127461048e-06
44 12 -0.00076480980551373696
45 12 -3.9520793472439091e-07
46 12 -2.4268715587135e-05
47 12 -7.1647303175558768e-05
48 12 1.2693889335288084e-07
12 13 -0.049571282910761003
13 13 0.50513601430963428
14 13 -0.028726708552971693
15 13 -0.00034781112285564618
16 13 0.0012470000852012753
17 13 0.0024611473973162514
18 13 4.7549729489637386e-05
19 13 -0.025076388751517732
20 13 -0.00031645569795178609
22 13 0.00033039801770943654
27 13 0.0041329929065992517
29 13 -0.00045998733398339451
31 13 1.4707748670072063e-06
32 13 -2.9271742409678903e-08
33 13 3.2695605021713778e-09
34 13 0.010888612925395983
35 13 -1.0160093965968028e-10
36 13 -0.00036700647157082494
37 13 4.991942553301328e-05
38 13 0.0081330491596798352
39 13 -0.00076714552751276372
40 13 -9.8026773142410417e-06
41 13 9.0100045310280194e-05
42 13 1.0098134159213026e-05
43 13 -1.534602309800071e-05
44 13 4.8830609060690023e-05
45 13 4.5931037794559406e-07
46 13 -7.0385544874927906e-06
47 13 3.9741469158284988e-06
48 13 -7.6504472831909205e-07
13 14 -0.061076344006434413
14 14 0.50347336615099947
15 14 0.006095847579822229
16 14 -0.021855317302682146
17 14 -0.043134846529168443
18 14 -0.00083337157549992491
19 14 0.017531983396172797
20 14 0.005546302500742565
22 14 0.0017256965912964032
31 14 -2.5777264797912422e-05
32 14 5.1302580164832187e-07
33 14 -5.7303349906137724e-08
34 14 -0.0023535657290093648
35 14 1.7806901546077811e-09
36 14 0.00036006702927977939
37 14 -8.2608224203193153e-05
38 14 9.1840279256931678e-06
39 14 -5.1547563786200071e-05
40 14 0.00017180481834847816
41 14 2.7520892045181653e-06
42 14 -0.00017698308832034425
43 14 -0.00065425626443619785
44 14 1.4795724491977793e-05
45 14 -8.0500187366030123e-06
46 14 1.8497867472685026e-07
47 14 1.2114855054995957e-07
48 14 1.3408415513828319e-05
9 15 0.039490513150426038
10 15 -0.0029596194035099261
11 15 0.00013546111849701989
12 15 7.5420520234599426e-06
13 15 -7.8142192095833958e-07
14 15 0.015279118872909664
15 15 0.50186198309740604
16 15 -0.075647897986683144
17 15 -0.0022237386579511574
18 15 -0.047203698667478595
19 15 0.00056138996847069321
20 15 0.0087114643249381046
21 15 6.7675247008370252e-05
22 15 0.00050818697690066137
23 15 -6.8680575396220701e-05
24 15 -1.0097564244229543e-05
25 15 -1.9079885208470596e-05
26 15 1.5845590187155171e-06
27 15 -1.7423667317456721e-05
28 15 4.6304046920761197e-06
29 15 4.0496563456076325e-06
30 15 0.00051836060219084238
31 15 -0.0064710139341109677
32 15 8.2218955276184007e-05
33 15 -3.9107319837635868e-06
34 15 -7.3752363625701525e-05
35 15 1.5734000469380039e-07
36 15 1.1085608060975787e-05
37 15 -1.9846939148190885e-05
38 15 -5.6933707466696212e-07
39 15 -1.6092112172211689e-06
40 15 0.0052984112700151199
41 15 -4.7639181821566695e-07
42 15 -0.00067310241897129057
43 15 -0.00076676849539014224
44 15 2.7766906984957078e-06
45 15 -3.1710610134945462e-05
46 15 -1.0696566971075143e-05
47 15 -1.1423835811399508e-07
48 15 5.1128063131601681e-05
14 16 -0.055826072406819333
15 16 -0.1596253061909208
16 16 0.52618120218377606
17 16 0.01117198213336687
18 16 0.021167232067056257
19 16 -0.0024449747766319002
20 16 -0.046635690427713643
22 16 -0.0027005034514674345
31 16 0.00065472996928657716
32 16 -1.3030605457551488e-05
33 16 1.4554771740988575e-06
34 16 0.00035993889162815734
35 16 -4.5228662520070056e-08
36 16 -5.5066287647448738e-05
37 16 0.0001052484842434009
38 16 -1.4045449385632562e-06
39 16 8.9443078565323583e-06
40 16 -0.0028013981709498746
41 16 -4.7753048419408725e-07
42 16 0.0015935055390199598
43 16 0.0040532598672311368
44 16 -1.4805885206309654e-05
45 16 7.2582023514483672e-05
46 16 5.6494541238717782e-05
47 16 -1.4951490209835346e-08
48 16 -0.00012073796923779822
14 17 -0.12279855530564662
15 17 -0.001486794191097463
16 17 0.01844030176784394
17 17 0.51068062938770764
18 17 0.00038954877715471838
19 17 -0.068224713360120232
20 17 -0.044805179910043118
22 17 -0.021890094860381897
31 17 1.2049249429219411e-05
32 17 -2.398072835170041e-07
33 17 2.6785710647035266e-08
34 17 0.005805783170043652
35 17 -8.3236060913499432e-10
36 17 -0.00088821445388740207
37 17 0.00087401581904223639
38 17 -2.2655188298753538e-05
39 17 0.00013483567934111828
40 17 -0.00078014841722736381
41 17 -7.1987847774467927e-06
42 17 0.0013825450774988565
43 17 0.0062605698069674648
44 17 -0.00012727047882201418
45 17 6.2838955587158905e-05
46 17 -1.4498593239339962e-05
47 17 -3.1741155906768309e-07
48 17 -0.00010473744208767064
9 18 -0.089038461019941395
10 18 0.0066729939894548526
11 18 -0.00030542144319754041
12 18 -1.700491210492066e-05
13 18 1.7618561952929758e-06
14 18 -1.001954483558263e-07
15 18 -0.10884629156045536
16 18 0.032638212205243607
17 18 0.00039814883391456736
18 18 0.5167580787494479
19 18 -5.1561332123705155e-05
20 18 -0.02568073990254113
21 18 -0.00015258601021001607
22 18 -0.0012745644263286052
23 18 0.00015485270378608816
24 18 2.2766773805431967e-05
25 18 4.3019031151309257e-05
26 18 -3.5726731603682914e-06
27 18 3.9284790181387152e-05
28 18 -1.0440079775907531e-05
29 18 -9.1306782289470835e-06
30 18 -0.0011687371621795382
31 18 0.027282068391525777
32 18 -0.00043797697040594827
33 18 3.7032015001903088e-05
34 18 0.00010404979536278957
35 18 -1.2315133515275823e-06
36 18 -1.5472811079504056e-05
37 18 4.9192954006474722e-05
38 18 1.5265370697169075e-06
39 18 2.3410608019677376e-06
40 18 -0.051363743149761429
41 18 1.1428334646540273e-06
42 18 0.0047566176904949862
43 18 0.0023006166814223119
44 18 -6.7670690752789632e-06
45 18 0.00022176900561634024
46 18 3.3573421005871311e-05
47 18 3.7907272243894168e-07
48 18 -0.00036102480626401881
13 19 -0.058365252525832675
14 19 0.023614563638364623
15 19 0.00028591538357623856
16 19 -0.0010250865606385453
17 19 -0.1035291956180068
18 19 -3.9087879175211264e-05
19 19 0.51660926729320056
20 19 0.0088507207420303498
22 19 -0.004529537512824409
31 19 -1.2090388507476975e-06
32 19 2.4062604410962792e-08
33 19 -2.6877163600430074e-09
34 19 -0.031583259442596996
35 19 8.3520249139818993e-11
36 19 0.0048318558782103989
37 19 -5.6152328040457388e-05
38 19 0.00012324343999830104
39 19 -0.00067967759142172827
40 19 0.00015048089158114554
41 19 3.6287522135147191e-05
42 19 -0.00027282332300321272
43 19 -0.00014921960698590546
44 19 5.6019633872249381e-05
45 19 -1.2399988430522268e-05
46 19 3.994013141884966e-06
47 19 1.6005588973784813e-06
48 19 2.0668237194729186e-05
16 20 -0.10886288542272549
17 20 -0.10212235262956908
18 20 -0.050722676441475968
19 20 0.013202966947123473
20 20 0.5201467917285727
22 20 0.029449861163729867
31 20 -0.0015689182356698674
32 20 3.122501715699446e-05
33 20 -3.4877350773070229e-06
34 20 -0.0031221414013516595
35 20 1.0838067101161941e-07
36 20 0.00047764979134416459
37 20 -0.001141962866693673
38 20 1.2183145541486745e-05
39 20 -8.0207370530716704e-05
40 20 0.013483688012284653
41 20 4.2822167013733473e-06
42 20 -0.01639382373556024
43 20 -0.045091687016378904
44 20 0.00015944555181783378
45 20 -0.00074547029745757911
46 20 -0.00063259439153921706
47 20 1.7423532598987668e-07
48 20 0.0012419884376059203
10 21 -0.038488205565360464
11 21 -0.0053543331846154091
12 21 -0.00029811254976604791
13 21 3.0887042488617887e-05
14 21 -1.7565230799202128e-06
15 21 -2.1267255997057391e-08
16 21 7.6249056736850651e-08
17 21 1.5048929808647885e-07
18 21 2.9074753600293938e-09
19 21 -1.5333206559975336e-06
20 21 -1.9349997449222905e-08
21 21 0.5009486367197602
22 21 2.020251441603034e-08
23 21 -0.060656530247489966
24 21 -0.087458695172208556
25 21 0.0050713270483760692
26 21 0.004847919065552121
27 21 0.00074638586473135165
28 21 0.013733385205252618
29 21 -0.00040653734320880838
30 21 0.0094863000245443037
31 21 -0.00034582769148625291
32 21 -0.00084535406825385817
33 21 -0.0026186577770945167
34 21 -9.0554342275687986e-07
35 21 0.0001881780372595182
36 21 7.9493969719411482e-06
37 21 -1.0496457334447443e-07
38 21 4.4123603400676041e-05
39 21 -1.4655970708104194e-05
40 21 1.7669117868551091e-05
41 21 -0.00035248330706439128
42 21 7.8632931648659751e-05
43 21 1.919144370809892e-06
44 21 -5.0767103335988617e-06
45 21 6.1875422691148304e-05
46 21 4.8284901189071475e-08
47 21 -0.00026115095200910553
48 21 -1.3047961415219396e-05
17 22 -0.041621323989311627
19 22 -0.017682874438042721
20 22 0.045374660422315263
22 22 0.50424387299010975
34 22 -0.038914558651144737
36 22 0.00595345579541096
37 22 -0.019447683655532667
38 22 0.00015185146051500641
39 22 -0.0010594413034715892
40 22 0.00075226352931562614
41 22 5.6562847202594223e-05
42 22 -0.0013971821769191836
43 22 -0.065552220006136627
44 22 0.0026935127173090541
45 22 -6.3501298948307136e-05
46 22 0.0016288723374905669
47 22 2.4948743084122463e-06
48 22 0.00010584594734882803
9 23 -0.00029706708843901488
10 23 0.027920550655869576
11 23 -0.0012779173620808811
12 23 -7.1150447696242337e-05
13 23 7.3718027060674591e-06
14 23 -4.1922892418714038e-07
15 23 -1.2620219294404004e-05
16 23 1.9037583301011916e-06
17 23 5.8918424063887223e-08
18 23 2.4327638212953351e-05
19 23 -3.6893098286770682e-07
20 23 -1.2436175817148382e-06
21 23 -0.12086601203697825
22 23 -5.6817815854882842e-08
23 23 0.5149486082088115
24 23 0.021069121239180099
25 23 -0.00085061827214444016
26 23 -0.0011872201299825103
27 23 0.00015060096406804558
28 23 -0.027383877707847466
29 23 2.0634245785905747e-05
30 23 -0.080538543756849781
31 23 0.0029743777422564874
32 23 0.0071762808826870573
33 23 0.010830372030498048
34 23 -2.1106244830834066e-07
35 23 -0.00051633196054706385
36 23 1.8965059523510729e-06
37 23 -2.2672338766648559e-08
38 23 5.6422048423306304e-06
39 23 -3.5685403559875567e-07
40 23 -0.00015710644902354454
41 23 9.4963083241934049e-05
42 23 -0.0006669320163809777
43 23 -1.6180292866033011e-05
44 23 1.6775593729004761e-06
45 23 -0.00035600892868556389
46 23 -2.8259388032430974e-07
47 23 0.00012787650021243356
48 23 9.0137822142566544e-05
11 24 0.0090136696631101052
12 24 0.00050185297652739097
13 24 -5.1996315556676595e-05
14 24 2.9569917022574645e-06
15 24 3.5802034275541971e-08
16 24 -1.2836029919178035e-07
17 24 -2.5333888908563689e-07
18 24 -4.8945445763886437e-09
19 24 2.5812450223487125e-06
20 24 3.2574454927545993e-08
21 24 -0.16888803087648993
22 24 -3.4009611473850973e-08
23 24 0.020231107111764079
24 24 0.52957642754189505
25 24 -0.027324956252108845
26 24 -0.029531215595676053
27 24 -0.0015075313837018276
28 24 -0.00085963127747385598
29 24 0.0017569734885919447
30 24 -0.0031640179731320488
31 24 0.00011534569611016344
32 24 0.0002819556077306332
33 24 0.00039786662059859831
34 24 1.5244231161753631e-06
35 24 -0.00013342700143804557
36 24 -1.3382289793225107e-05
37 24 1.7670099297795987e-07
38 24 -0.00011884432931447025
39 24 5.3304808870822186e-05
40 24 -5.8924692226723801e-06
41 24 0.0022259443147578106
42 24 -2.6227708937261975e-05
43 24 -6.3883613307738601e-07
44 24 3.4887021522832839e-05
45 24 2.9215530114422164e-08
46 24 -3.5519906175705411e-08
47 24 0.0014574212101130918
48 24 1.8383892647608804e-06
11 25 -0.14634168767278807
12 25 -0.0081478481343956674
13 25 0.00084418764562372325
14 25 -4.8008322061525044e-05
15 25 -5.8126493579464302e-07
16 25 2.0839972526159455e-06
17 25 4.1130906686843493e-06
18 25 7.9465516317940986e-08
19 25 -4.1907876257488265e-05
20 25 -5.2886348039000881e-07
21 25 0.0014099149447518631
22 25 5.521640049167146e-07
23 25 -0.0001688937938213748
24 25 -0.071717011545193124
25 25 0.52467249100246005
26 25 -0.023150692733014809
27 25 0.025558382302210827
28 25 0.0034236732581228702
29 25 -0.059959168327501193
30 25 2.6413927633775068e-05
31 25 -9.6047488616239878e-07
32 25 -2.3538771850786328e-06
33 25 -0.00043996130851306709
34 25 -2.47498144359041e-05
35 25 -5.5028545010471814e-05
36 25 0.00021726854283132897
37 25 -2.8688339480293034e-06
38 25 0.0034539002905095324
39 25 -0.0017262358453422823
40 25 3.2817752306233086e-08
41 25 0.0083922775999370064
42 25 2.3582217407897092e-07
43 25 -2.030007185560224e-08
44 25 0.0002676288321636563
45 25 1.7949272188646551e-05
46 25 3.9319410268624872e-07
47 25 0.0014290301808026506
48 25 -2.1996592738567974e-06
24 26 -0.082329935049590491
25 26 -0.047757706252453382
26 26 0.5073012579713071
27 26 -0.00063813399397716158
28 26 -0.073243763886119806
29 26 0.028039358342088028
33 26 0.0093608003239033337
35 26 0.0012259230300806279
38 26 -0.0013711921775715181
39 26 0.00076898226185477276
41 26 -0.044548355740227641
44 26 -0.00082786635360725428
45 26 -0.00038741442026284068
47 26 -0.025170535776493565
48 26 4.7119656941700875e-05
11 27 -0.12284265484615421
12 27 -0.092903461909037657
13 27 0.0096256034091019328
14 27 -0.00054740088995172676
15 27 -6.6277038956694046e-06
16 27 2.3762170843566528e-05
17 27 4.6898316704435833e-05
18 27 9.0608237249299414e-07
19 27 -0.0004778423359586831
20 27 -6.0302115840968006e-06
21 27 0.0011835157683014301
22 27 6.2958890190614076e-06
23 27 -0.0001417734232124385
24 27 -0.0017557921045019389
25 27 0.031114009846785869
26 27 -0.0015188428137819592
27 27 0.52316072751640108
28 27 0.00025428664207022668
29 27 -0.061619495177386671
30 27 2.217247215777792e-05
31 27 -7.8028218652052868e-07
32 27 -1.9764165993310861e-06
33 27 -3.4516865123696076e-05
34 27 -0.00028220254044687237
35 27 -3.2448411690842561e-06
36 27 0.0024773411899704765
37 27 -3.2711042353499003e-05
38 27 0.00040461491285954249
39 27 -0.0017730001625895311
40 27 -1.4549491205697085e-07
41 27 0.0068020524079195829
42 27 3.7621317158382066e-07
43 27 -2.8793782144598731e-07
44 27 0.00024731668110364541
45 27 1.3245882903797544e-06
46 27 4.4822839659104431e-06
47 27 0.00036944422992566501
48 27 -1.8752537328483874e-07
21 28 0.022800762070605277
23 28 -0.050479793827111617
24 28 -0.0045339431924875098
25 28 0.00022278912478080519
26 28 -0.10532412806193585
27 28 2.9768874003187286e-06
28 28 0.51816913844084167
29 28 -0.0047711931586320346
30 28 0.0078947224225859227
31 28 -0.00028780602903679287
32 28 -0.00070352357465714777
33 28 -0.066942377812782103
35 28 0.0049820168339924607
38 28 0.00023699830801965499
39 28 -0.00013121560077274769
40 28 1.4705155088479281e-05
41 28 0.00913525452470966
42 28 6.5439664817209593e-05
43 28 1.5979380846699735e-06
44 28 0.00016790232100034549
45 28 0.0011676782515148113
46 28 2.8214220958015592e-08
47 28 0.0045132272536612568
48 28 -0.00014661576126506539
25 29 -0.12804956667428258
26 29 0.061000683730091702
27 29 -0.13593632211494008
28 29 -0.0088125821240620881
29 29 0.53156310256459216
33 29 0.0011262777501386445
35 29 0.00014735623559772854
38 29 -0.021684780454742161
39 29 0.014149998727174177
41 29 -0.062536510611989421
44 29 -0.0020819493378795139
45 29 -4.6596087580533333e-05
47 29 -0.0055487213208270381
48 29 5.6672946250441171e-06
9 30 0.012885396943660617
10 30 -0.00096569701870217496
11 30 4.4199736671376171e-05
12 30 2.460903299023646e-06
13 30 -2.5497089879971259e-07
14 30 1.4500004932966204e-08
15 30 0.00054718677784536881
16 30 -8.1787504641359443e-05
17 30 -9.9892717439488737e-07
18 30 -0.0010551904027315756
19 30 1.4164393993212033e-07
20 30 5.3742222407764719e-05
21 30 2.2081820452457798e-05
22 30 2.6734717258190874e-06
23 30 -0.14374975485567806
24 30 -3.2947438022746583e-06
25 30 -6.2255938182958275e-06
26 30 5.1702726320704989e-07
27 30 -5.6851849137669172e-06
28 30 0.0069170443040441178
29 30 1.3213662050883088e-06
30 30 0.52264718961517997
31 30 -0.020714860568234558
32 30 -0.046541669268308633
33 30 0.0088916209551866687
34 30 -2.1215053991226489e-07
35 30 -0.00023206518070639795
36 30 -3.2021772567950812e-08
37 30 -1.0234652083965321e-07
38 30 -2.7884649327480398e-07
39 30 6.0767806528166722e-08
40 30 0.00128107276765455
41 30 -1.8671987396714175e-07
42 30 0.0043038324766316539
43 30 0.00010052090306774601
44 30 6.2580510623828824e-09
45 30 0.00067193618803867376
46 30 1.789529671561868e-06
47 30 3.1325594507277225e-05
48 30 -0.0003839782305469132
9 31 -0.14026255944048643
10 31 0.010511987801342345
11 31 -0.00048113133178817781
12 31 -2.6787889947496884e-05
13 31 2.7754574426272236e-06
14 31 -1.5783819564814536e-07
15 31 -0.005956340987255641
16 31 0.00089028881154426683
17 31 1.0873710975913138e-05
18 31 0.041612802479426905
19 31 -1.5418493998268396e-06
20 31 -0.0019183723578719023
21 31 -0.00024036920766269475
22 31 -9.4479639416032764e-05
23 31 0.00024393993697231274
24 31 3.5864568272775076e-05
25 31 6.7768011091086388e-05
26 31 -5.6280429353485445e-06
27 31 6.1885449892151332e-05
28 31 -1.6446289540018986e-05
29 31 -1.4383585286057637e-05
30 31 -0.042193265238442725
31 31 0.52055608001692055
32 31 -0.0065696540419739862
33 31 0.00016266335184578955
34 31 7.491610339370404e-06
35 31 -5.1819382830524199e-06
36 31 -4.4425491451514237e-07
37 31 3.6365646554253582e-06
38 31 3.0151304516318923e-06
39 31 -5.2116675566528549e-07
40 31 -0.069435354324316287
41 31 2.0250271875457176e-06
42 31 0.0060277886741747161
43 31 0.00031028118775046213
44 31 -4.1769297606215461e-07
45 31 0.00036635167428062147
46 31 4.9574618233612457e-06
47 31 1.0451253626308649e-06
48 31 -0.00046788272932228326
30 32 -0.10801372623190893
31 32 -0.017680242025612691
32 32 0.51005568903166554
33 32 -0.058450297636522285
35 32 0.0018163313262790862
40 32 0.017765578023147637
42 32 -0.04963394432937536
43 32 -0.0012119861884659342
45 32 -0.0084041125356721022
46 32 -2.1399606435003664e-05
47 32 -0.00024542789207937564
48 32 0.004507894725019581
23 33 0.016964958323540745
28 33 -0.12264798181456685
30 33 0.011438776582332891
31 33 -0.00041700628457585988
32 33 -0.096649865497008561
33 33 0.52693114323733359
35 33 -0.017158678487156315
40 33 -0.0028932412528010127
42 33 0.0093686271022484172
43 33 0.00022876776782965793
45 33 -0.0098413223414916887
46 33 4.0392706147629284e-06
47 33 0.0023185297919171791
48 33 0.00053901224235558358
12 34 0.0041313225553500565
13 34 0.030654061718187346
14 34 -0.0017432736371938771
15 34 -2.1106837216626607e-05
16 34 7.5673910573546108e-05
17 34 0.00014935415824190938
18 34 2.8855442913737571e-06
19 34 -0.081078463243346735
20 34 -1.920404053815865e-05
22 34 -0.080191716745160846
27 34 -0.00034444795077975826
29 34 3.8335825431066371e-05
31 34 8.925363123913336e-08
32 34 -1.7763488902122916e-09
33 34 1.9841251976833651e-10
34 34 0.51180364982166293
35 34 -6.1656294279674494e-12
36 34 -0.078407999879299209
37 34 0.0067493611751361753
38 34 -0.0026785058909453074
39 34 0.011164496274115854
40 34 -5.948731962912998e-07
41 34 -0.00060016042809390893
42 34 6.1280292631304496e-07
43 34 0.009851281899090009
44 34 -0.001704667213195241
45 34 2.7873143617745923e-08
46 34 -0.00077061868599629085
47 34 -2.6471877918214418e-05
48 34 -4.6426561667986843e-08
8 35 0.022839770813078843
26 35 0.0028169566477448337
28 35 0.0058925451428730067
29 35 0.00012696275431570202
33 35 -0.032861606739597267
35 35 0.50134884396122825
38 35 -6.3093466996964711e-06
39 35 3.4919568980237202e-06
41 35 -0.0002442579212383804
44 35 -4.4882031841311395e-06
45 35 -0.058196607569658498
47 35 -0.068022599719507096
48 35 0.0070782191896539542
12 36 -0.023869020081603753
13 36 0.0024730372404675382
14 36 -0.0001406397842067334
15 36 -1.702808422096777e-06
16 36 6.1050441113046765e-06
17 36 1.2049248114215802e-05
18 36 2.3279324473180417e-07
19 36 -0.00012276860386543586
20 36 -1.5492990082334496e-06
22 36 1.6175576059228246e-06
27 36 0.0019900733830580009
29 36 -0.00022148805250609283
31 36 7.2005972954107384e-09
32 36 -1.4330815269911805e-10
33 36 1.6007064736578508e-11
34 36 -0.17971609845041309
35 36 -4.974163400095e-13
36 36 0.52811977797492171
37 36 -0.0075580119812769823
38 36 0.017391099193292743
39 36 -0.074699240717342269
40 36 -4.7991798976234746e-08
41 36 0.0040118040537446267
42 36 4.9438292118414243e-08
43 36 -7.5130827221453449e-08
44 36 0.0063438548242303831
45 36 2.2486847847209811e-09
46 36 0.0010364784479467751
47 36 0.00017695267057585881
48 36 -3.7454943820274748e-09
4 37 0.028503238590532356
5 37 -0.0024296744247588541
6 37 -0.00010918141269868895
7 37 -5.3353208590018041e-06
8 37 3.4444894824135218e-07
22 37 -0.039060579264510911
34 37 0.0084015310771948359
35 37 4.2071221502554277e-09
36 37 -0.011909751905060325
37 37 0.50212885833666032
38 37 -0.00030377536733351197
39 37 0.0074259109713199897
41 37 -0.00038679068045136363
43 37 0.0047977144554066644
44 37 -0.06795156158641634
45 37 -2.3082420853179173e-09
46 37 -0.069454283582232781
47 37 -7.962798531466617e-06
48 37 2.8074219623726456e-10
12 38 -0.16305282740680049
13 38 0.016893685327757719
14 38 -0.00096073129028300644
15 38 -1.1632137674934537e-05
16 38 4.1704464631904632e-05
17 38 8.231020655360479e-05
18 38 1.590245289708331e-06
19 38 -0.00083865059849996923
20 38 -1.0583492029725692e-05
22 38 1.1049776666046133e-05
27 38 -0.019383763953288086
29 38 -0.036887896498480413
31 38 4.9188351428777865e-08
32 38 -9.7895931245396542e-10
33 38 1.093466407443507e-10
34 38 -0.00049528748634035857
35 38 -3.3979250241362217e-12
36 38 0.031734268527508186
37 38 -0.00039979090706092644
38 38 0.5304976021938792
39 38 -0.057918967983632219
40 38 -3.2783911901958963e-07
41 38 0.0070331663692533427
42 38 3.3772032888285885e-07
43 38 -5.1322985870338686e-07
44 38 0.0042518558810055061
45 38 1.5361100323426977e-08
46 38 5.4819482789449598e-05
47 38 0.00031021893301376354
48 38 -2.5586029377743648e-08
29 39 0.018389414576044785
36 39 -0.1536726046515117
37 39 0.01693219033594531
38 39 -0.10786873585124153
39 39 0.53253189930875344
41 39 -0.030396144216576503
44 39 -0.040282685485463328
46 39 -0.0023220215029909463
47 39 -0.0013407132602273261
18 40 -0.094477104419425778
20 40 0.019518475738335192
22 40 0.00095703270186392215
31 40 -0.13546363734229622
32 40 0.03230661996293871
33 40 -0.0036085466697246891
34 40 -7.5860560493588454e-05
35 40 0.00011213486711940375
36 40 1.1605746259707161e-05
37 40 -3.6925324519910554e-05
38 40 2.9602126570949916e-07
39 40 -2.0539909220907647e-06
40 40 0.52700549102980954
41 40 1.0966117169590898e-07
42 40 -0.044235191735298031
43 40 -0.0027390105495266252
44 40 5.1171988286792741e-06
45 40 -0.0024019897308796062
46 40 -4.3071460661863779e-05
47 40 -1.5147147544234135e-05
48 40 0.0033987323315955282
6 41 -0.11494382295553608
7 41 -0.0056169100680215521
8 41 0.00036262838101516905
26 41 -0.078325118696630808
28 41 0.011315390233084727
29 41 -0.088367216015451611
33 41 -0.0014461450769193045
35 41 -0.00018477682122477139
38 41 0.0043913619055718734
39 41 -0.054457597832732477
41 41 0.52894157018180599
44 41 0.020762213604328839
45 41 5.7399493183865434e-05
47 41 0.036491322330465564
48 41 -6.9812693745789721e-06
2 42 -0.040623551510802547
3 42 -0.0019641838863995124
4 42 0.0001146703246183185
5 42 -9.7747332857981898e-06
6 42 -4.3924370196318217e-07
7 42 -2.1464331953065834e-08
8 42 1.3857398198390667e-09
20 42 -0.032378667940272506
22 42 -0.0015875954903985139
32 42 -0.10902420183548715
33 42 0.012177656495918147
34 42 0.00012584301822096894
35 42 -0.00037841822675475836
36 42 -1.9252456461242578e-05
37 42 6.3067209057024253e-05
38 42 -4.9106161742139057e-07
39 42 3.4280762975279325e-06
40 42 -0.095221679430824144
41 42 -1.4410502122482822e-07
42 42 0.52019748207858574
43 42 0.019185446814993772
44 42 -8.0397951993077556e-06
45 42 0.024963992492368827
46 42 0.0038073423033846399
47 42 5.1163201849488327e-05
48 42 -0.035204772633250614
2 43 -0.069600806364042409
3 43 -0.0033652592463342687
4 43 0.00019646600955948269
5 43 -1.6747164966708727e-05
6 43 -7.5256137659049872e-07
7 43 -3.6775091207906794e-08
8 43 2.3742042555268573e-09
20 43 -0.06320862737447433
22 43 -0.11828330576995956
34 43 0.0093758947372098132
35 43 2.8998687218109434e-11
36 43 -0.0014343982508141047
37 43 0.0045668469547562856
38 43 -3.6586392312543703e-05
39 43 0.00025389611749781056
40 43 -0.0010479317017330996
41 43 -1.3488662177891115e-05
42 43 0.022485776145617933
43 43 0.52646154764220909
44 43 -0.00063168478080621903
45 43 0.001021968354926128
46 43 0.014599513432847065
47 43 -5.3224924018056716e-07
48 43 0.0057741014692586513
4 44 -0.0012439167357458777
5 44 -0.12510516388428847
6 44 -0.08290804718947449
7 44 -0.0040514316733549728
8 44 0.00026156090995057988
35 44 3.1947221889120034e-06
37 44 -0.15204186236308095
39 44 -0.062390117064460474
41 44 0.026037497718208773
44 44 0.5402937248192109
45 44 -1.752787759418384e-06
46 44 0.0208797106157439
47 44 0.0080569461452218334
48 44 2.1318452178257382e-07
1 45 -0.031761981296192177
2 45 -0.0020974537236245331
3 45 -0.00010141370346008367
4 45 5.9205975453910899e-06
5 45 -5.0468385863018913e-07
6 45 -2.2678798480145493e-08
7 45 -1.1082350337611231e-09
8 45 -0.0092641150041526798
32 45 -0.01601770873672383
33 45 -0.031486338476538103
35 45 -0.14476684917197638
37 45 9.3597202246771395e-08
39 45 1.0722144593588736e-09
40 45 -0.00048817445643570121
41 45 1.952129671597009e-09
42 45 0.044871626367114247
43 45 0.0012883438764120213
44 45 2.3181838797675619e-08
45 45 0.52088648869190657
46 45 0.00020228943222113264
47 45 0.019618179166597083
48 45 -0.063416767644322733
2 46 -0.055220266050188337
3 46 -0.079826198677462684
4 46 -0.029121784687029556
5 46 0.0024824005606475974
6 46 0.00011155074825402672
7 46 5.4511021545347211e-06
8 46 -3.5192380243030821e-07
22 46 0.00019395461325597593
34 46 -1.5374088725766015e-05
35 46 -4.2984205118525485e-09
36 46 2.3520492277478653e-06
37 46 -0.10985143884546669
38 46 5.999240150771152e-08
39 46 -0.001258747440232403
41 46 5.7320107407516393e-05
42 46 0.0021599606632217113
43 46 0.020533765422660177
44 46 0.014701166361631888
45 46 9.8171594999265101e-05
46 46 0.52451571663080065
47 46 -6.7669206990540383e-06
48 46 0.0057689476244042375
6 47 -0.083887567663174525
7 47 -0.081277853292868421
8 47 -0.006861190197011641
26 47 -0.034487362094343423
28 47 0.0049822836747769423
29 47 -0.001554376239366749
33 47 -0.00063675267575194266
35 47 -0.14270828043741418
38 47 7.7243902345952223e-05
39 47 -4.2751237246194557e-05
41 47 0.045414698604907641
44 47 0.0064426356844195986
45 47 0.016827171021453608
47 47 0.53279737530437477
48 47 -0.0020466210970987836
1 48 -0.14396262509996105
2 48 -0.13208697529342692
3 48 -0.006386519613028145
4 48 0.00037284914222040279
5 48 -3.1782424382017214e-05
6 48 -1.4281954642389173e-06
7 48 -6.9791009868268155e-08
8 48 0.0133037424633266
35 48 0.00016249278705748015
37 48 5.8942760936528219e-06
39 48 6.7522617165470853e-08
41 48 1.2293520510012346e-07
42 48 -0.071987709441664452
43 48 0.010374054775817706
44 48 1.4598743867556807e-06
45 48 -0.14051511053361945
46 48 0.011489788769235468
47 48 -0.00010349424060778486
48 48 0.54931107571610727


