# Created by Octave 5.2.0, Fri Feb 05 21:38:56 2021 -03 <kuroneko@kuroneko-VirtualBox>
# name: xSOR
# type: matrix
# rows: 100
# columns: 1
 0.84918838129365026
 0.4629054266887635
 0.83813814369185735
 0.40882231706262118
 0.83027812867261619
 0.3548876192104391
 0.82575776489771424
 0.30166203839047567
 0.8246396277968957
 0.24966445943945606
 0.82690180363363985
 0.19935601729004199
 0.83244374262425802
 0.15112774068208079
 0.841095241251967
 0.10529275110919685
 0.85262756230731673
 0.062082523680117969
 0.86676586975880099
 0.021647719959825135
 0.88320211990249331
 -0.015937592058014937
 0.90160764515103409
 -0.050668465281399677
 0.92164468609156258
 -0.082599325833482673
 0.94297655442182982
 -0.11183281378385085
 0.96527592760582981
 -0.13850829702995465
 0.98823126872793665
 -0.16279036919565953
 1.0115513672273033
 -0.18485790362086074
 1.0349681550440497
 -0.20489460408010965
 1.0582379851150283
 -0.22308141017893471
 1.0811417370280187
 -0.2395896126209095
 1.1034839674856296
 -0.25457696264813623
 1.1250914766386808
 -0.26818442608684145
 1.145811442757648
 -0.28053463070424367
 1.1655095025859592
 -0.29173183077072745
 1.1840676865749029
 -0.30186205300112529
 1.2013825581984081
 -0.31099449418484448
 1.2173634541360077
 -0.31918316190090851
 1.2319309382547698
 -0.32646910775453214
 1.2450155802981524
 -0.33288225817832606
 1.2565567065174386
 -0.33844353046990494
 1.2665014587478225
 -0.34316630651365926
 1.274804021157633
 -0.34705803703407179
 1.2814248868160445
 -0.35012200345239874
 1.2863305432837919
 -0.35235840411321073
 1.2894932514897188
 -0.35376504764531624
 1.2908913308802696
 -0.35433859285276265
 1.2905099755306597
 -0.35407500571860134
 1.2883428073150112
 -0.35297104733250878
 1.2843944069662303
 -0.35102552268172915
 1.2786841762864265
 -0.34824066503820794
 1.2712514529868093
 -0.34462406044900079
 1.2621623638336432
 -0.34019183249650797
 1.2515186779151382
 -0.33497148227580942
 1.2394685775308161
 -0.32900672826063804
 1.2262195100621414
 -0.3223621722054027
 1.2120531493924607
 -0.31512949046104499
 1.1973423817485052
 -0.30743435313427003
 1.1825700797944809
 -0.29944434986637058
 1.1683496210848789
 -0.29137821964041832
 1.1554469350106089
 -0.28351529175131956


# name: erSOR
# type: matrix
# rows: 1
# columns: 101
 0 0.28342810053974848 0.18063542209589387 0.13532198668054418 0.11025022440317853 0.094661777528614419 0.08200993121366372 0.072314888337855321 0.064943488477645014 0.058926689938760247 0.053920743611762016 0.049690541901269029 0.046068926886696455 0.042933547844278747 0.040748519415719102 0.039353592167728726 0.038090530484632554 0.036940344962310072 0.035887632283935218 0.034919752811642855 0.034026226760804995 0.033198283747941565 0.032428521852981444 0.031710646132679945 0.031039265622081379 0.030409733975757282 0.029818023078852663 0.029260621857005911 0.028734454554174723 0.028236814201899656 0.027765308053479668 0.027317812523387712 0.026892435738574277 0.026487486230953799 0.026101446618940441 0.025732951368283238 0.025380767908500173 0.025043780525222166 0.02472097656107454 0.024411434546006937 0.024114313947805995 0.023828846289152342 0.023554327422133151 0.023275808537737516 0.022779585865707053 0.022304635293900761 0.02184961491861391 0.021413293473723817 0.020994539141393757 0.02059230969504508 0.020205643793104373 0.019833653269734661 0.019475516291794552 0.019130471270504695 0.018797811432402733 0.018476879967718834 0.018167065685707726 0.017867799116143092 0.017578549004368518 0.017298819154277181 0.017028145579536694 0.016766093928472448 0.01651225715239368 0.016266253390893281 0.016027724050905752 0.015796332059098011 0.015571760269595728 0.01535371001116052 0.015141899759755408 0.014936063924043452 0.014735951732755657 0.014541326214089899 0.014351963258372725 0.014167650756161037 0.013988187804789585 0.013813383977099681 0.013643219935768253 0.013477626139400312 0.013316174600987348 0.013158710469445256 0.013005086478687231 0.01285516248884248 0.012708805060369513 0.01256588705834949 0.012426287284494646 0.012289890134632282 0.012156585279636246 0.012026267367949242 0.011898835748018043 0.01177419420910028 0.011652250739044804 0.011532917297762003 0.011416109605209992 0.011301746942830636 0.011189751967443507 0.011080050536701887 0.010972571545280429 0.010867246771031756 0.010764010730415626 0.010662800542550593 0.010563555801300422


# name: kSOR
# type: scalar
100


# name: tol
# type: scalar
0.0001


# name: kmax
# type: scalar
100


# name: w
# type: scalar
0.5


# name: b
# type: matrix
# rows: 100
# columns: 1
 -111.40961899999991
 -102.29527350000001
 -8.762185000000045
 0.88104489999994939
 -9.116170000000011
 1.0580711000000065
 -9.4714069999999992
 1.2356998999999291
 -9.8269080000000031
 1.4135242999999491
 -10.182068000000072
 1.5910361999999623
 -10.535869999999989
 1.767925499999933
 -10.887480000000039
 1.9436809000000039
 -11.236060000000009
 2.1179890999999884
 -11.580769999999973
 2.2903355999999917
 -11.920669999999973
 2.460303999999951
 -12.255029999999977
 2.6274765999999659
 -12.582809999999995
 2.7914336999999705
 -12.903200000000027
 2.9516545000000178
 -13.215390000000014
 3.1077164000000153
 -13.518590000000074
 3.2592954999999506
 -13.811829999999986
 3.4059665000000336
 -14.094480000000033
 3.5472025000000258
 -14.365720000000067
 3.6828755999999885
 -14.624669999999981
 3.8123564999999076
 -14.870779999999968
 3.9354147000000239
 -15.103350000000091
 4.0517189000000258
 -15.321790000000021
 4.1608365999999819
 -15.525379999999984
 4.2626344999999901
 -15.71363000000008
 4.3567785999999273
 -15.886009999999999
 4.4430340000000115
 -16.042030000000011
 4.5210655999999858
 -16.181440000000066
 4.5907376999999769
 -16.303650000000005
 4.6518142000000466
 -16.408540000000073
 4.7042589000000135
 -16.495810000000006
 4.7479356999999709
 -16.565140000000042
 4.7826082999999926
 -16.616550000000075
 4.8082408999999871
 -16.649819999999977
 4.8248977000000082
 -16.664989999999989
 4.8324436999999421
 -16.662040000000104
 4.8310442999999736
 -16.641009999999994
 4.8205655999999522
 -16.602110000000039
 4.8010748999999464
 -16.545559999999966
 4.7727399999999989
 -16.471459999999979
 4.7357301999999777
 -16.380060000000014
 4.6900157999999692
 -16.271849999999972
 4.6359686000000124
 -16.147160000000042
 4.5735616999999706
 -16.006360000000029
 4.5031700000000114
 -15.849969999999985
 4.4249697999999853
 -15.678539999999998
 4.3392393999999399
 -15.492450000000019
 4.2462587999999641
 -15.292439999999999
 4.1462098999999739
 -15.079139999999995
 4.0395767999999634
 -3.3358719999999997e-17
 -3.5


# name: a
# type: sparse matrix
# nnz: 396
# rows: 100
# columns: 100
1 1 -1063.761
2 1 0.18072650000000001
3 1 504.69999999999999
1 2 -8.0486190000000004
2 2 -1062.876
4 2 504.69999999999999
1 3 960.39999999999998
3 3 -960.78390000000002
4 3 0.1919449
5 3 504.69999999999999
2 4 960.39999999999998
3 4 -8.378285
4 4 -959.71090000000004
6 4 504.69999999999999
3 5 455.69999999999999
5 5 -960.80709999999999
6 5 0.2035711
7 5 504.69999999999999
4 6 455.69999999999999
5 6 -8.7090700000000005
6 6 -959.54549999999995
8 6 504.69999999999999
5 7 455.69999999999999
7 7 -960.83119999999997
8 7 0.21559990000000001
9 7 504.69999999999999
6 8 455.69999999999999
7 8 -9.0402070000000005
8 8 -959.37990000000002
10 8 504.69999999999999
7 9 455.69999999999999
9 9 -960.85599999999999
10 9 0.22802430000000001
11 9 504.69999999999999
8 10 455.69999999999999
9 10 -9.370908
10 10 -959.21450000000004
12 10 504.69999999999999
9 11 455.69999999999999
11 11 -960.88170000000002
12 11 0.2408362
13 11 504.69999999999999
10 12 455.69999999999999
11 12 -9.7003679999999992
12 12 -959.0498
14 12 504.69999999999999
11 13 455.69999999999999
13 13 -960.90809999999999
14 13 0.25402550000000002
15 13 504.69999999999999
12 14 455.69999999999999
13 14 -10.02777
14 14 -958.88610000000006
16 14 504.69999999999999
13 15 455.69999999999999
15 15 -960.93520000000001
16 15 0.26758090000000001
17 15 504.69999999999999
14 16 455.69999999999999
15 16 -10.35228
16 16 -958.72389999999996
18 16 504.69999999999999
15 17 455.69999999999999
17 17 -960.96299999999997
18 17 0.28148909999999999
19 17 504.69999999999999
16 18 455.69999999999999
17 18 -10.67306
18 18 -958.56349999999998
20 18 504.69999999999999
17 19 455.69999999999999
19 19 -960.99149999999997
20 19 0.29573559999999999
21 19 504.69999999999999
18 20 455.69999999999999
19 20 -10.989269999999999
20 20 -958.40539999999999
22 20 504.69999999999999
19 21 455.69999999999999
21 21 -961.02059999999994
22 21 0.31030400000000002
23 21 504.69999999999999
20 22 455.69999999999999
21 22 -11.30007
22 22 -958.25
24 22 504.69999999999999
21 23 455.69999999999999
23 23 -961.05039999999997
24 23 0.32517659999999998
25 23 504.69999999999999
22 24 455.69999999999999
23 24 -11.60463
24 24 -958.09770000000003
26 24 504.69999999999999
23 25 455.69999999999999
25 25 -961.08069999999998
26 25 0.34033370000000002
27 25 504.69999999999999
24 26 455.69999999999999
25 26 -11.90211
26 26 -957.94889999999998
28 26 504.69999999999999
25 27 455.69999999999999
27 27 -961.11149999999998
28 27 0.35575449999999997
29 27 504.69999999999999
26 28 455.69999999999999
27 28 -12.191700000000001
28 28 -957.80409999999995
30 28 504.69999999999999
27 29 455.69999999999999
29 29 -961.14279999999997
30 29 0.37141639999999998
31 29 504.69999999999999
28 30 455.69999999999999
29 30 -12.47259
30 30 -957.66369999999995
32 30 504.69999999999999
29 31 455.69999999999999
31 31 -961.17460000000005
32 31 0.38729550000000001
33 31 504.69999999999999
30 32 455.69999999999999
31 32 -12.74399
32 32 -957.52800000000002
34 32 504.69999999999999
31 33 455.69999999999999
33 33 -961.20669999999996
34 33 0.40336650000000002
35 33 504.69999999999999
32 34 455.69999999999999
33 34 -13.005129999999999
34 34 -957.39739999999995
36 34 504.69999999999999
33 35 455.69999999999999
35 35 -961.23919999999998
36 35 0.41960249999999999
37 35 504.69999999999999
34 36 455.69999999999999
35 36 -13.255280000000001
36 36 -957.27239999999995
38 36 504.69999999999999
35 37 455.69999999999999
37 37 -961.27200000000005
38 37 0.43597560000000002
39 37 504.69999999999999
36 38 455.69999999999999
37 38 -13.49372
38 38 -957.15309999999999
40 38 504.69999999999999
37 39 455.69999999999999
39 39 -961.30489999999998
40 39 0.45245649999999998
41 39 504.69999999999999
38 40 455.69999999999999
39 40 -13.71977
40 40 -957.04010000000005
42 40 504.69999999999999
39 41 455.69999999999999
41 41 -961.33799999999997
42 41 0.46901470000000001
43 41 504.69999999999999
40 42 455.69999999999999
41 42 -13.932779999999999
42 42 -956.93359999999996
44 42 504.69999999999999
41 43 455.69999999999999
43 43 -961.37120000000004
44 43 0.48561890000000002
45 43 504.69999999999999
42 44 455.69999999999999
43 44 -14.132149999999999
44 44 -956.83389999999997
46 44 504.69999999999999
43 45 455.69999999999999
45 45 -961.40449999999998
46 45 0.50223660000000003
47 45 504.69999999999999
44 46 455.69999999999999
45 46 -14.31729
46 46 -956.7414
48 46 504.69999999999999
45 47 455.69999999999999
47 47 -961.43769999999995
48 47 0.51883449999999998
49 47 504.69999999999999
46 48 455.69999999999999
47 48 -14.487679999999999
48 48 -956.65620000000001
50 48 504.69999999999999
47 49 455.69999999999999
49 49 -961.47080000000005
50 49 0.53537860000000004
51 49 504.69999999999999
48 50 455.69999999999999
49 50 -14.64283
50 50 -956.57860000000005
52 50 504.69999999999999
49 51 455.69999999999999
51 51 -961.50369999999998
52 51 0.55183400000000005
53 51 504.69999999999999
50 52 455.69999999999999
51 52 -14.782310000000001
52 52 -956.50879999999995
54 52 504.69999999999999
51 53 455.69999999999999
53 53 -961.53629999999998
54 53 0.56816560000000005
55 53 504.69999999999999
52 54 455.69999999999999
53 54 -14.90573
54 54 -956.44709999999998
56 54 504.69999999999999
53 55 455.69999999999999
55 55 -961.56870000000004
56 55 0.58433769999999996
57 55 504.69999999999999
54 56 455.69999999999999
55 56 -15.012740000000001
56 56 -956.39359999999999
58 56 504.69999999999999
55 57 455.69999999999999
57 57 -961.60059999999999
58 57 0.60031420000000002
59 57 504.69999999999999
56 58 455.69999999999999
57 58 -15.10305
58 58 -956.34849999999994
60 58 504.69999999999999
57 59 455.69999999999999
59 59 -961.63210000000004
60 59 0.61605889999999996
61 59 504.69999999999999
58 60 455.69999999999999
59 60 -15.176439999999999
60 60 -956.31179999999995
62 60 504.69999999999999
59 61 455.69999999999999
61 61 -961.66309999999999
62 61 0.63153570000000003
63 61 504.69999999999999
60 62 455.69999999999999
61 62 -15.232710000000001
62 62 -956.28359999999998
64 62 504.69999999999999
61 63 455.69999999999999
63 63 -961.6934
64 63 0.64670830000000001
65 63 504.69999999999999
62 64 455.69999999999999
63 64 -15.271739999999999
64 64 -956.26409999999998
66 64 504.69999999999999
63 65 455.69999999999999
65 65 -961.72310000000004
66 65 0.66154089999999999
67 65 504.69999999999999
64 66 455.69999999999999
65 66 -15.29345
66 66 -956.25329999999997
68 66 504.69999999999999
65 67 455.69999999999999
67 67 -961.75199999999995
68 67 0.67599770000000003
69 67 504.69999999999999
66 68 455.69999999999999
67 68 -15.29782
68 68 -956.25109999999995
70 68 504.69999999999999
67 69 455.69999999999999
69 69 -961.78009999999995
70 69 0.69004370000000004
71 69 504.69999999999999
68 70 455.69999999999999
69 70 -15.284890000000001
70 70 -956.25760000000002
72 70 504.69999999999999
69 71 455.69999999999999
71 71 -961.80730000000005
72 71 0.7036443
73 71 504.69999999999999
70 72 455.69999999999999
71 72 -15.25474
72 72 -956.27260000000001
74 72 504.69999999999999
71 73 455.69999999999999
73 73 -961.83349999999996
74 73 0.7167656
75 73 504.69999999999999
72 74 455.69999999999999
73 74 -15.207509999999999
74 74 -956.2962
76 74 504.69999999999999
73 75 455.69999999999999
75 75 -961.8587
76 75 0.72937490000000005
77 75 504.69999999999999
74 76 455.69999999999999
75 76 -15.143409999999999
76 76 -956.32830000000001
78 76 504.69999999999999
75 77 455.69999999999999
77 77 -961.88289999999995
78 77 0.74143999999999999
79 77 504.69999999999999
76 78 455.69999999999999
77 78 -15.062659999999999
78 78 -956.36869999999999
80 78 504.69999999999999
77 79 455.69999999999999
79 79 -961.90589999999997
80 79 0.75293019999999999
81 79 504.69999999999999
78 80 455.69999999999999
79 80 -14.96556
80 80 -956.41719999999998
82 80 504.69999999999999
79 81 455.69999999999999
81 81 -961.92759999999998
82 81 0.76381580000000004
83 81 504.69999999999999
80 82 455.69999999999999
81 82 -14.852460000000001
82 82 -956.47379999999998
84 82 504.69999999999999
81 83 455.69999999999999
83 83 -961.94809999999995
84 83 0.7740686
85 83 504.69999999999999
82 84 455.69999999999999
83 84 -14.723750000000001
84 84 -956.53809999999999
86 84 504.69999999999999
83 85 455.69999999999999
85 85 -961.96730000000002
86 85 0.78366170000000002
87 85 504.69999999999999
84 86 455.69999999999999
85 86 -14.57986
86 86 -956.61009999999999
88 86 504.69999999999999
85 87 455.69999999999999
87 87 -961.98509999999999
88 87 0.79257
89 87 504.69999999999999
86 88 455.69999999999999
87 88 -14.42126
88 88 -956.68939999999998
90 88 504.69999999999999
87 89 455.69999999999999
89 89 -962.00149999999996
90 89 0.80076979999999998
91 89 504.69999999999999
88 90 455.69999999999999
89 90 -14.248469999999999
90 90 -956.7758
92 90 504.69999999999999
89 91 455.69999999999999
91 91 -962.01649999999995
92 91 0.80823940000000005
93 91 504.69999999999999
90 92 455.69999999999999
91 92 -14.06204
92 92 -956.86900000000003
94 92 504.69999999999999
91 93 455.69999999999999
93 93 -962.0299
94 93 0.81495879999999998
95 93 504.69999999999999
92 94 455.69999999999999
93 94 -13.862550000000001
94 94 -956.96870000000001
96 94 504.69999999999999
93 95 455.69999999999999
95 95 -962.04179999999997
96 95 0.82090989999999997
97 95 504.69999999999999
94 96 455.69999999999999
95 96 -13.650639999999999
96 96 -957.07470000000001
98 96 504.69999999999999
95 97 455.69999999999999
97 97 -962.05219999999997
98 97 0.82607680000000006
99 97 960.39999999999998
96 98 455.69999999999999
97 98 -13.42694
98 98 -957.18650000000002
100 98 960.39999999999998
97 99 455.69999999999999
99 99 -960.39999999999998
100 99 8.6246740000000001e-20
98 100 455.69999999999999
99 100 -3.3358719999999997e-17
100 100 -963.89999999999998


