# Created by Octave 5.2.0, Sun Feb 07 20:06:44 2021 -03 <kuroneko@kuroneko-VirtualBox>
# name: BJ
# type: sparse matrix
# nnz: 258
# rows: 48
# columns: 48
2 1 0.13207322956745074
8 1 -0.18482210849341224
45 1 -0.045925349262705452
48 1 -0.18024721814424505
1 2 0.18490592451273483
3 2 0.096701731549847375
42 2 -0.078230722802334077
43 2 -0.18369542074999201
46 2 -0.16674030177602725
48 2 -0.21486964419842147
2 3 0.039524398685841601
4 3 -0.11676129247604947
46 3 -0.095223518912036773
3 4 -0.13157090862697235
5 4 -0.17048409548561935
37 4 0.031617485069436103
44 4 -0.0012218420304662006
46 4 -0.046980820883794384
4 5 -0.20826155096544705
6 5 0.089873286384471229
44 5 -0.15024227412698787
5 6 0.13056415797472851
7 6 0.097733134736511254
41 6 -0.17720290346270148
44 6 -0.13472385863023917
47 6 -0.16301764656489606
6 7 0.0491481670933221
8 7 -0.12912023750556431
47 7 -0.075422194052546451
1 8 -0.11034446534365466
7 8 -0.13396114326612385
35 8 0.024428131784031672
45 8 -0.010531142165452161
47 8 -0.012276577783114731
10 9 -0.14989014664034553
15 9 0.084931276029413083
18 9 -0.15631628341424147
23 9 -0.00054469359909494136
30 9 0.025708422172845316
31 9 -0.25282250130953599
9 10 -0.098646981730000596
11 10 -0.091539552914385799
21 10 -0.046614327552964067
23 10 0.033665571096568196
10 11 -0.20466341919138814
12 11 0.1113537538614944
21 11 -0.019268808050162099
24 11 0.025224563660188454
25 11 -0.28902846863803283
27 11 -0.24420154247007933
11 12 0.1085297473495118
13 12 -0.20721732454978736
27 12 -0.16674948332644648
34 12 0.010650201020352124
36 12 -0.052402086462720841
38 12 -0.33339428147373945
12 13 -0.099142565821522005
14 13 -0.11373850899240386
19 13 -0.095987277365894255
34 13 0.038336563657641272
13 14 -0.12215268801286883
15 14 0.02421517398794831
16 14 -0.08319877354733704
17 14 -0.1702900104219438
19 14 0.035846923348708641
9 15 0.078981026300852075
14 15 0.030558148868055145
16 15 -0.29893595664754319
18 15 -0.17153022382036404
14 16 -0.11165214481363867
15 16 -0.31789877432544666
17 16 0.024397188195781773
18 16 0.028419676669800307
20 16 -0.17010625435863447
14 17 -0.24559711061129325
16 17 0.026219458097019515
19 17 -0.2585715390834154
20 17 -0.16926247503012365
22 17 -0.081884724539593334
9 18 -0.17807692203988279
15 18 -0.21013043058454173
16 18 0.032738345779186662
20 18 -0.088517482361423344
31 18 0.061862596603319692
40 18 -0.183831418613709
13 19 -0.11673050505166535
14 19 0.040590750477475908
17 19 -0.20301205771818998
22 19 -0.035625521014681048
34 19 -0.11933017864106923
16 20 -0.21772577084545097
17 20 -0.20158875695594408
18 20 -0.098351504877896567
22 20 0.098064286852509244
40 20 0.033157869273911428
42 20 -0.059029670833530883
43 20 -0.15793280467749723
10 21 -0.076976411130720929
11 21 -0.014231859499160889
23 21 -0.23958011715536387
24 21 -0.34890269543526142
28 21 0.045784944880405722
17 22 -0.083242647978623255
19 22 -0.046127838678691226
20 22 0.083704392532168978
34 22 -0.15853284918235711
37 22 -0.076020215560725427
43 22 -0.24565505917961142
46 22 0.00047325096309970349
9 23 -0.00059413417687802976
10 23 0.055796573882291006
21 23 -0.24045515032457856
28 23 -0.096231283540901005
30 23 -0.31278742736646586
33 23 0.035866703038743689
11 24 0.01802733932622021
21 24 -0.33760237908241381
25 24 -0.098276098893322825
26 24 -0.11690560697715009
28 24 -0.0010809330746563007
11 25 -0.29268337534557615
24 25 -0.13925069474898621
26 25 -0.10422788914818729
27 25 0.026723812513268667
29 25 -0.21373786619181506
24 26 -0.16465987009918098
25 26 -0.10360647734372117
28 26 -0.28893388025140554
29 26 0.090141787888247671
35 26 0.0078266727966849834
41 26 -0.16365707553382833
47 26 -0.090833389886406629
11 27 -0.24568530969230842
12 27 -0.17212793306664415
25 27 0.026550442881459212
29 27 -0.22259284948150834
38 27 -0.069605617778787265
21 28 0.045601524141210555
23 28 -0.09549697840611604
24 28 -0.001112639040562767
26 28 -0.2111550786645883
33 28 -0.25560675277304445
35 28 0.012791053384928081
25 29 -0.25609913334856516
26 29 0.10865503141938286
27 29 -0.26845067161767133
38 29 -0.099388938649012409
39 29 0.045133716613307964
41 29 -0.21366966526915948
9 30 0.025770793887321234
23 30 -0.28745469001134727
31 30 -0.072910993859242448
32 30 -0.17967739125939239
33 30 0.02737985091612033
9 31 -0.28052511888097287
18 31 0.060253288742086644
30 31 -0.080704300038428101
32 31 -0.039804518103089777
40 31 -0.25118698074985912
30 32 -0.21602745246381785
31 32 -0.043235872181233988
33 32 -0.22339363720898794
40 32 0.060954343028658375
42 32 -0.18925475873157108
45 32 -0.02922844708221696
23 33 0.03392991664708149
28 33 -0.24366340391444147
30 33 0.028183978834065405
32 33 -0.19126104019270801
35 33 -0.062149600591397632
45 33 -0.051985856595580783
12 34 0.008262645110700113
13 34 0.062164205043146521
19 34 -0.15911341683114516
22 34 -0.16325778293178905
36 34 -0.30597575826474549
37 34 0.010633057316863483
8 35 0.045679541626157685
26 35 0.0056339132954896674
28 35 0.012599004500478919
33 35 -0.064217039149656194
45 35 -0.23508785641168842
47 35 -0.27024572943104619
12 36 -0.047738040163207505
34 36 -0.35928718835180995
37 36 -0.025003739626120968
38 36 0.051012879152325781
39 36 -0.27599772983029347
4 37 0.057006477181064712
22 37 -0.078121158529021822
34 37 0.010610677232873459
36 37 -0.021248838968191134
39 37 0.022911250200234684
44 37 -0.2692325952443913
46 37 -0.2742730216139293
12 38 -0.32610565481360099
27 38 -0.065956502631576402
29 38 -0.078090480249000171
36 38 0.054772682731062089
39 38 -0.19869138311543619
29 39 0.036778829152089569
36 39 -0.30734520930302339
37 39 0.030021990877516395
38 39 -0.20607048529528257
41 39 -0.10677863326122636
44 39 -0.14074421544078264
18 40 -0.18895420883885156
20 40 0.030674076052665516
31 40 -0.26508267568564381
32 40 0.059221175120975605
42 40 -0.1540857431056219
6 41 -0.22988764591107216
26 41 -0.15665023739326162
29 41 -0.16967406579502969
39 41 -0.10405432900913808
44 41 0.034737598646866964
47 41 0.088216008627579126
2 42 -0.081247103021605094
20 42 -0.064757335880545011
32 42 -0.21804840367097431
40 42 -0.18272425262571537
43 42 0.04883698867142551
45 42 0.090899096763929335
48 42 -0.14045776064760113
2 43 -0.13920161272808482
20 43 -0.12641725474894866
22 43 -0.23036810257351531
42 43 0.035633975099011519
46 43 0.035313284323957701
4 44 -0.0024878334714917554
5 44 -0.25042239578812997
6 44 -0.15457248215700012
37 44 -0.30404439520734183
39 44 -0.12129676497941075
41 44 0.03072151732486899
1 45 -0.063523962592384353
8 45 -0.02439854650449149
32 45 -0.03203541747344766
33 45 -0.066550931167527125
35 45 -0.29126425668217132
42 45 0.086472519087098576
48 45 -0.24325195179741951
2 46 -0.11044053210037667
3 46 -0.1543125020112289
4 46 -0.067564179505089569
22 46 0.00038790922651195186
37 46 -0.21876715334329408
43 46 0.030865980796861581
6 47 -0.16777513532634905
7 47 -0.15435711163259361
8 47 -0.024216996115140867
26 47 -0.068974724188686845
35 47 -0.28508233609870365
41 47 0.069983487862789268
1 48 -0.2879252501999221
2 48 -0.24516034175289381
42 48 -0.15430867843330773
45 48 -0.28091983345517352


# name: BGS
# type: sparse matrix
# nnz: 1140
# rows: 48
# columns: 48
1 2 0.18490592451273483
2 2 0.024421122616552146
3 2 0.002361564843411732
4 2 -0.00027573936338275319
5 2 4.7009175956089187e-05
6 2 4.2248691333996036e-06
7 2 4.1290970425867099e-07
8 2 -0.034174756156366455
35 2 -0.00083482544707486734
37 2 -8.7181852048100133e-06
39 2 -1.9974452251938647e-07
41 2 -7.2733063007232099e-07
42 2 -0.0019104820739373023
43 2 -0.0045793505856365282
44 2 -4.9449794335910921e-06
45 2 -0.008109373718512258
46 2 -0.004443228153930741
47 2 0.00064437303108080888
48 2 -0.036335173420609386
2 3 0.039524398685841601
3 3 0.0038220777913873941
4 3 -0.00044627074286639678
5 3 7.6082063939273073e-05
6 3 6.8377451211359415e-06
7 3 6.682742652179014e-07
8 3 -8.6287731843791883e-08
35 3 -2.1078480848253342e-09
37 3 -1.4109958549504458e-05
39 3 -3.2327679064263709e-07
41 3 -1.1771492347333137e-06
42 3 -0.0030920222775210112
43 3 -0.0074114561034251914
44 3 -8.003208603279818e-06
45 3 -0.00028106062796274845
46 3 -0.0071911485710769787
47 3 -1.267290280822029e-06
48 3 -0.0079899264114848979
3 4 -0.13157090862697235
4 4 0.015362389343533499
5 4 -0.0026190430517302266
6 4 -0.00023538200624141018
7 4 -2.3004621330542076e-05
8 4 2.9703621699251631e-06
35 4 7.256039853323417e-08
37 4 0.00048572011570003471
39 4 1.1128455098090432e-05
41 4 4.0522093703170585e-05
44 4 0.00027550183050630651
45 4 -4.8339374845918709e-08
46 4 0.011673687320026991
47 4 4.3625102062969794e-05
48 4 1.1758647279936812e-08
4 5 -0.20826155096544705
5 5 0.035505282140776452
6 5 0.0031909763899994541
7 5 0.00031186412546484296
8 5 -4.0267969949485624e-05
35 5 -9.8367127660146199e-07
37 5 -0.0065847064781876276
39 5 -0.00015086385761686288
41 5 -0.00054934124466398814
44 5 -0.0037348642344632809
45 5 6.5531688808217539e-07
46 5 0.011590305965102217
47 5 -0.00059140744408254099
48 5 -1.5940711207180028e-07
5 6 0.13056415797472851
6 6 0.011734229961210119
7 6 0.001146823077828156
8 6 -0.00014807806818603375
35 6 -3.6172705639732596e-06
41 6 -0.0020793396190254563
44 6 -0.021269368017163538
45 6 2.4098075705982131e-06
47 6 -0.0021800180631751064
48 6 -5.8619039500421313e-07
6 7 0.0491481670933221
7 7 0.0048034044365842174
8 7 -0.00062021672168703537
35 7 -1.5150735812030996e-05
41 7 -0.0087091979088066793
44 7 -0.0069239673369083602
45 7 1.0093344474587015e-05
47 7 -0.009130883951446022
48 7 -2.4552257436069907e-06
1 8 -0.11034446534365466
2 8 -0.014573549902830114
3 8 -0.0014092875104317821
4 8 0.00016455023118836892
5 8 -2.8053197326098628e-05
6 8 -2.5212330372885447e-06
7 8 -0.13396138967413199
8 8 0.037691223196691881
35 8 0.00092072616735014076
37 8 5.202664477770512e-06
39 8 1.1919954755807353e-07
41 8 4.3404184974000808e-07
42 8 0.0011400993426942854
43 8 0.0027327733999048432
44 8 2.9509660827411578e-06
45 8 0.0045578589396872531
46 8 0.0026515409732671621
47 8 0.0093925696744502005
48 8 0.021751852514449974
9 10 -0.098646981730000596
10 10 0.014786210557137275
11 10 -0.0013535231036983174
12 10 -0.00015071987853506843
13 10 3.1231769986505802e-05
14 10 -3.5522549514588793e-06
15 10 -0.0083783000532508482
16 10 0.0025048706847539933
17 10 6.1716715034745284e-05
18 10 0.016928448852394928
19 10 -1.9083375972989209e-05
20 10 -0.0019350041664718846
21 10 -0.00066316848530086981
22 10 -0.00019412860464005133
23 10 0.00071040058568062675
24 10 0.00019723924235441891
25 10 0.00037182280664085497
26 10 -6.1812679620487461e-05
27 10 0.00036560141453759323
28 10 -8.1079317783373618e-05
29 10 -0.00016642477938441544
30 10 -0.0027582626239864875
31 10 0.02618852213933014
32 10 -0.00054682407090195565
33 10 9.2840346660774995e-05
34 10 3.2645105199381131e-05
35 10 -7.2908679639906168e-06
36 10 -2.0905747103675889e-06
37 10 1.5157087831666586e-05
38 10 4.1235369241174949e-05
39 10 -1.4780219672252942e-05
40 10 -0.0097876884911349861
41 10 4.7254220937064066e-05
42 10 0.0017258549710583888
43 10 0.00043757486860495661
44 10 -3.5905351017100759e-07
45 10 0.00016974908600762934
46 10 1.1203153920495247e-05
47 10 1.1753559920878946e-05
48 10 -0.00028370152092457558
10 11 -0.20466341919138814
11 11 0.018734797890709198
12 11 0.0020861900729668768
13 11 -0.00043229472542252186
14 11 4.9168557514838258e-05
15 11 1.1906251749582517e-06
16 11 -4.4466843580110389e-06
17 11 -8.4814007667633853e-06
18 11 -3.3060153445408125e-07
19 11 4.5450384075190949e-05
20 11 2.2212557214558443e-06
21 11 0.0091792504358823024
22 11 -7.0687058925810131e-07
23 11 -0.0090892767844815234
24 11 -0.0027300881170996744
25 11 -0.005146587534811153
26 11 0.00085558056350038155
27 11 -0.0050604740999277819
28 11 0.0010506890771421319
29 11 0.0023035695491665847
30 11 0.0028430115020397191
31 11 -0.00020730724603633597
32 11 -0.00050257312497918832
33 11 -0.00040445274501710207
34 11 3.341091412577927e-07
35 11 4.5272345759313951e-05
36 11 -0.0001094229418791197
37 11 2.7932718040876965e-06
38 11 -0.00057781772632183655
39 11 0.00024904053936180236
40 11 2.1573293618379713e-05
41 11 -0.000658816955820402
42 11 9.1659098540409581e-05
43 11 4.299191547492123e-06
44 11 -5.8688774135503535e-05
45 11 3.3404004938780004e-05
46 11 -6.1463505160353236e-07
47 11 -0.00014806814326508996
48 11 -2.099982112317261e-05
11 12 0.1085297473495118
12 12 0.012085194773007714
13 12 -0.002504261727525733
14 12 0.00028483099501551841
15 12 6.8972321014612155e-06
16 12 -2.5759420130029252e-05
17 12 -4.913233053041178e-05
18 12 -1.9151581574016186e-06
19 12 0.00026329180220646735
20 12 1.2867623320762424e-05
21 12 -0.0020912388694103315
22 12 -4.0948659765914439e-06
23 12 0.00050101925333317769
24 12 0.0034672543993781823
25 12 -0.031708934914343595
26 12 0.0028996138731557895
27 12 -0.029365715322583648
28 12 -0.00098550553975491396
29 12 0.013575374717235458
30 12 -0.00015671252331115229
31 12 1.130758916828292e-05
32 12 2.7707604228473344e-05
33 12 0.00025939131162070004
34 12 1.9354775482180706e-06
35 12 -6.0323913623339341e-06
36 12 -0.00063388163062439243
37 12 1.6181283883851762e-05
38 12 -0.0033666942832012541
39 12 0.0014569608835403409
40 12 -3.7269115721559694e-07
41 12 -0.003530760390252611
42 12 -5.9459411284155936e-06
43 12 -1.3166771562988268e-06
44 12 -0.00033206548289108106
45 12 -1.3416868495597269e-05
46 12 -4.4865237184672285e-06
47 12 -0.00057322111850490517
48 12 4.0988330244030682e-06
12 13 -0.099142565821522005
13 13 0.020544057238536983
14 13 -0.0023366504389657986
15 13 -5.6582396928572599e-05
16 13 0.00021132096368605503
17 13 0.00040306386492468808
18 13 1.5711264670959031e-05
19 13 -0.0021599506934570764
20 13 -0.00010556132656583922
22 13 3.3592799060324181e-05
27 13 0.016531971626397007
29 13 -0.0036798986718671561
31 13 9.7193962846752696e-07
32 13 -3.8687588536446033e-08
33 13 8.6425611180014245e-09
34 13 -1.5877957602211706e-05
35 13 -5.3713172157053143e-10
36 13 0.0052001355764324207
37 13 -0.00013274539903275771
38 13 0.03253386150844155
39 13 -0.0080685524219753051
40 13 -6.6349094966171164e-06
41 13 0.0016478317174573607
42 13 7.2609171303915159e-06
43 13 8.7739566564885429e-06
44 13 0.0012285831855006941
45 13 6.6081856916674236e-07
46 13 3.673421674862641e-05
47 13 0.00014536528216157099
48 13 -1.1805975671163863e-06
13 14 -0.12215268801286883
14 14 0.013893464603997985
15 14 0.00033643266268121254
16 14 -0.0012564910352420595
17 14 -0.002396573080464837
18 14 -9.3417438890271406e-05
19 14 0.012842827495929974
20 14 0.00062765595132949464
22 14 -0.00019973906105544891
31 14 -5.7790453377841286e-06
32 14 2.3003211476640493e-07
33 14 -5.1387710792542534e-08
34 14 -0.0061837859968609703
35 14 3.1937257010627713e-09
36 14 0.0018920886093364503
37 14 -9.7877635399906272e-05
38 14 9.6520887573572464e-05
39 14 -0.00054363252845979454
40 14 3.9450436704079586e-05
41 14 5.8048338385281612e-05
42 14 -4.3172608731456781e-05
43 14 -5.2168974105467498e-05
44 14 0.00010488144338220923
45 14 -3.9291539920906033e-06
46 14 2.490841029107011e-05
47 14 5.1199296290809489e-06
48 14 7.0197023212241513e-06
9 15 0.078981026300852075
10 15 -0.011838477614039705
11 15 0.0010836889479761591
12 15 0.00012067283237535908
13 15 -2.5005501470666867e-05
14 15 0.030560992956509027
15 15 0.0074479991075303313
16 15 -0.0047691118706899849
17 15 -0.0053205847289048338
18 15 -0.013759114062887318
19 15 0.0024736695641543807
20 15 0.0029297532331327251
21 15 0.00053096127890464465
22 15 0.00063485300933577434
23 15 -0.00056877733467154473
24 15 -0.00015791824052551682
25 15 -0.00029769736849056486
26 15 4.9489896084140788e-05
27 15 -0.00029271625376492096
28 15 6.4915597193140165e-05
29 15 0.00013324685304260593
30 15 0.0022083839670431721
31 15 -0.020980370618127065
32 15 0.00043831687198138652
33 15 -7.4445009259489764e-05
34 15 -0.00039550192244794066
35 15 5.8444076841046414e-06
36 15 0.0001146904924203382
37 15 -5.5334748439469182e-05
38 15 -2.7249507638450335e-05
39 15 -2.1493935740657142e-05
40 15 0.0079232150993078388
41 15 -3.4275089067594039e-05
42 15 -0.0014767504091926439
43 15 -0.00069077904170461468
44 15 1.6732430764491506e-05
45 15 -0.00014455046153815683
46 15 -8.9164032519113252e-06
47 15 -9.0983727970296998e-06
48 15 0.00024258323741300185
14 16 -0.11165214481363867
15 16 -0.32060245043823654
16 16 0.1051289217377252
17 16 0.021578094992401799
18 16 0.057980740045458778
19 16 -0.0095818671095268936
20 16 -0.026667758000691669
22 16 -0.0040407120267647954
31 16 0.0035868391321941602
32 16 -0.00014277240317029326
33 16 3.1894446437279861e-05
34 16 0.0017839915042232697
35 16 -1.9822271071606678e-06
36 16 -0.00054585815324257876
37 16 0.00033979357834715165
38 16 -2.7845796005675398e-05
39 16 0.00016397342651657074
40 16 -0.012452597618533774
41 16 -1.7508858374599561e-05
42 16 0.0035199770910116835
43 16 0.0053762402488900891
44 16 -0.00011517003390897532
45 16 0.000322943691236409
46 16 9.4744218186403162e-05
47 16 -1.0088731909601086e-06
48 16 -0.00057296478294827796
14 17 -0.24559711061129325
15 17 -0.005947176764389852
16 17 0.048430661462063714
17 17 0.043004306487732576
18 17 0.002396504301151469
19 17 -0.019923590514495264
20 17 -0.015729506297696594
22 17 -0.0043541103158278478
31 17 0.00014825397884025391
32 17 -5.9011781846019753e-06
33 17 1.3182856584765676e-06
34 17 0.003067755129288714
35 17 -8.1930927139686302e-08
36 17 -0.00093865870185467636
37 17 0.00038708999868720712
38 17 -4.7883682922991604e-05
39 17 0.00027745046179590229
40 17 -0.00099970887072509443
41 17 -2.9625781108262549e-05
42 17 0.001083665289415498
43 17 0.0036067372225596262
44 17 -0.00014429592100259067
45 17 9.8627407033423733e-05
46 17 1.9136806545169483e-05
47 17 -2.5913266786774333e-06
48 17 -0.00017620050910443428
9 18 -0.17807692203988279
10 18 0.02669197595781941
11 18 -0.0024433715455803233
12 18 -0.00027207859367873056
13 18 5.6379398249375226e-05
14 18 -6.4125086947728833e-06
15 18 -0.22525488608479302
16 18 0.10007566415333641
17 18 0.0024426567983392641
18 18 0.069318461659630612
19 18 -0.0006372431014442907
20 18 -0.023572842224190135
21 18 -0.0011971476530266208
22 18 -0.0024889681233767344
23 18 0.0012824107488618982
24 18 0.00035605506187800107
25 18 0.00067121223366023366
26 18 -0.00011158386741098046
27 18 0.00065998141506727961
28 18 -0.00014636388360542919
29 18 -0.00030042898367695515
30 18 -0.0049791986500057851
31 18 0.049673111208633339
32 18 -0.0010825648303455096
33 18 0.00018891582076126654
34 18 0.00046988924193006791
35 18 -1.4486521474145647e-05
36 18 -0.00012951723110939063
37 18 0.00019744666762864889
38 18 6.80233040939565e-05
39 18 1.3195090777129886e-05
40 18 -0.026067762220862361
41 18 8.1045096037704557e-05
42 18 0.0056130481757852577
43 18 0.0046084770685037475
44 18 -5.2200899428660377e-05
45 18 0.00053544735264161121
46 18 0.0001074082603208887
47 18 2.1199936387558826e-05
48 18 -0.00091864479079273287
13 19 -0.11673050505166535
14 19 0.053867504075982592
15 19 0.0013044109834964334
16 19 -0.0048716456183910007
17 19 -0.21230401000366819
18 19 -0.00036219650127740599
19 19 0.068031402275282427
20 19 0.03679586030316135
22 19 0.018569161026139216
31 19 -2.2406416049657933e-05
32 19 8.9187659327397058e-07
33 19 -1.9923955611303346e-07
34 19 -0.015537067828813509
35 19 1.2382658834432385e-08
36 19 0.0047539661101319965
37 19 -0.0016957050875578382
38 19 0.00024251349867041578
39 19 -0.001399119920088419
40 19 0.0012923379861488229
41 19 0.00014939611283559763
42 19 -0.0023713471725610429
43 19 -0.010488691223993997
44 19 0.00065864677915981472
45 19 -0.00021557193764103663
46 19 0.00010348389609107465
47 19 1.317578241816286e-05
48 19 0.00038551240815987836
16 20 -0.21772577084545097
17 20 -0.2069006535623322
18 20 -0.10453920088800732
19 20 0.053498620428976768
20 20 0.081310578933858041
22 20 0.023009750734377898
31 20 -0.0064670664137681955
32 20 0.00025741846214072004
33 20 -5.7505646542359627e-05
34 20 -0.010031801275737315
35 20 3.5739529643577372e-06
36 20 0.0030694880021049659
37 20 -0.0019326236075724022
38 20 0.00015658342051089451
39 20 -0.00092256231973252088
40 20 0.023553808806887302
41 20 9.8509943599345092e-05
42 20 -0.0084777605116719383
43 20 -0.018908097753404511
44 20 0.00065359257826675754
45 20 -0.00077599542763727187
46 20 -0.00012675112880413552
47 20 7.7243085086570543e-06
48 20 0.0013795296591347407
10 21 -0.076976411130720929
11 21 -0.0071854732393007454
12 21 -0.00080012941846745026
13 21 0.00016580067738840222
14 21 -1.8857921836087437e-05
15 21 -4.5664785831198687e-07
16 21 1.7054644327895662e-06
17 21 3.2529242427315102e-06
18 21 1.2679765709506883e-07
19 21 -1.7431867714472716e-05
20 21 -8.5193198438931501e-07
21 21 0.0037266591468967168
22 21 2.7111046152687178e-07
23 21 -0.0034842882766915723
24 21 -0.0014814918484740583
25 21 0.0022224015662049472
26 21 -5.844152030760728e-05
27 21 0.0019475158583229125
28 21 0.00052440954549038766
29 21 -0.000913782496023951
30 21 0.0010898415662694938
31 21 -7.9453587713511104e-05
32 21 -0.00019265727774285494
33 21 -0.00018613444435105038
34 21 -1.2814295128874675e-07
35 21 1.7818529207464462e-05
36 21 4.196765960458471e-05
37 21 -1.0713208605425569e-06
38 21 0.00022416129168698548
39 21 -9.7388841385412592e-05
40 21 8.1628513704461431e-06
41 21 0.00021521101573557727
42 21 3.5253816862440417e-05
43 21 1.7896386059539867e-06
44 21 2.1471264458107111e-05
45 21 1.432305185352776e-05
46 21 3.5716072975525068e-07
47 21 1.9478116797475383e-05
48 21 -8.4357824898452949e-06
17 22 -0.083242647978623255
19 22 -0.024603659073479656
20 22 0.097794249157092075
22 22 0.017282942774903033
34 22 0.00019604487210128012
36 22 -5.998497839510426e-05
37 22 -0.001310268630128811
38 22 -3.0600064538243197e-06
39 22 -1.2856177638779527e-05
40 22 0.0032426489292911817
41 22 1.3727650772324157e-06
42 22 -0.0062724083070559312
43 22 -0.019996887914310403
44 22 0.00035462414295451996
45 22 -0.0005701562496459511
46 22 -0.00033860528288756414
47 22 1.2109985589677347e-07
48 22 0.0010197000452323612
9 23 -0.00059413417687802976
10 23 0.055885628741187292
11 23 -0.0051157454693076341
12 23 -0.00056965746180733759
13 23 0.00011804289514553916
14 23 -1.3426022891000291e-05
15 23 -5.0785687255207824e-05
16 23 1.629869664178819e-05
17 23 2.6839599473493584e-06
18 23 0.00010204733036940873
19 23 -1.2505893385284101e-05
20 23 -1.2259776706236795e-05
21 23 -0.24296164701074205
22 23 -9.7649261302731986e-07
23 23 0.06009052508383974
24 23 0.084640931082178558
25 23 -0.006839584434519163
26 23 -0.0091821239750124843
27 23 0.0011614832498219119
28 23 -0.014345038446730636
29 23 0.00037564724475080676
30 23 -0.018810835002320815
31 23 0.0015280400768863099
32 23 0.0033190588617252026
33 23 0.004565443225194755
34 23 1.0552913096839215e-07
35 23 -0.00053909410548055284
36 23 2.9818950211895118e-05
37 23 -6.7022999078851155e-07
38 23 7.3260750563243935e-05
39 23 -5.8472419377493079e-06
40 23 -0.00020067873456885131
41 23 0.0014230794963968675
42 23 -0.00059650226156668709
43 23 -2.6955272920034481e-05
44 23 5.0437777627271527e-05
45 23 -0.00026183645223539192
46 23 -7.6851533797478921e-07
47 23 0.0011052697199070772
48 23 0.00014747559993885738
11 24 0.01802733932622021
12 24 0.0020074119061095639
13 24 -0.00041597052445341276
14 24 4.7311867236119433e-05
15 24 1.1456650968173431e-06
16 24 -4.2787698199943679e-06
17 24 -8.1611283172652338e-06
18 24 -3.1811744530899745e-07
19 24 4.3734098494696189e-05
20 24 2.1373772407147523e-06
21 24 -0.33794974442354586
22 24 -6.8017792594391524e-07
23 24 0.080966039361618392
24 24 0.11836630851949091
25 24 -0.016842993320774664
26 24 -0.012082175502354339
27 24 -0.0051871479639282406
28 24 -0.019901472519800872
29 24 0.0036654985972765543
30 24 -0.025325159155972627
31 24 0.0018464628441342663
32 24 0.0044768609666680529
33 24 0.0062974343194542063
34 24 3.2149259877701948e-07
35 24 -0.00074050705947314153
36 24 -0.00010529094121193591
37 24 2.6877930008321022e-06
38 24 -0.00067788622078266347
39 24 0.00032924936718227893
40 24 -0.00019079395697459481
41 24 0.0011589708530472718
42 24 -0.00081799478215602436
43 24 -4.0118874743068444e-05
44 24 -6.8037210169646009e-06
45 24 -0.00035849998089626138
46 24 -2.1542402332287448e-06
47 24 0.0013998236112890317
48 24 0.00020209953539541064
11 25 -0.29268337534557615
12 25 -0.03259139253758267
13 25 0.006753501164989786
14 25 -0.0007681331529844007
15 25 -1.8600477945428577e-05
16 25 6.946808791806937e-05
17 25 0.00013250022864169241
18 25 5.1648047426459013e-06
19 25 -0.00071004618782018495
20 25 -3.4701448387856574e-05
21 25 0.0056396597790074523
22 25 1.1043047872919739e-05
23 25 -0.0013511503505709984
24 25 -0.14860119768090307
25 25 0.099197773770897085
26 25 0.0070331386440774177
27 25 0.079559272289257299
28 25 -0.0014832496446542873
29 25 -0.038277665926467863
30 25 0.00042262284214040108
31 25 -3.0494343215745161e-05
32 25 -7.4721957125844325e-05
33 25 0.00035893107703049759
34 25 -5.219602141832436e-06
35 25 1.3766326435680424e-05
36 25 0.0017094540414180691
37 25 -4.3637738962929709e-05
38 25 0.0092195923623958845
39 25 -0.0040322721146251843
40 25 1.0050747239282168e-06
41 25 0.0074583136688164686
42 25 1.6035033357871242e-05
43 25 3.5508192339645111e-06
44 25 0.00083835158373804248
45 25 -1.8254058852090077e-05
46 25 1.2099271743996009e-05
47 25 1.5378547443671911e-05
48 25 2.188090566639693e-06
24 26 -0.16465987009918098
25 26 -0.087424347666092361
26 26 0.028361717276117498
27 26 -0.00233631187612347
28 26 -0.0080166747235231386
29 26 0.021762515743996021
33 26 0.002049116194117493
35 26 -7.9155863156957076e-06
38 26 -0.0020003329106666958
39 26 0.0013796721310938614
41 26 -0.009438904665467894
44 26 -0.00052206575359138206
45 26 -0.00010466420239587569
47 26 -0.0034067142651956687
48 26 2.5459771516116911e-05
11 27 -0.24568530969230842
12 27 -0.19948591456950648
13 27 0.041336937502460584
14 27 -0.0047016016378420497
15 27 -0.00011385010168236797
16 27 0.0004252013790374484
17 27 0.00081100950997343329
18 27 3.1612819135345269e-05
19 27 -0.0043460620162383235
20 27 -0.00021240117802746514
21 27 0.0047340630732057203
22 27 6.7592463317544106e-05
23 27 -0.001134187385699508
24 27 -0.0078490321013087606
25 27 0.098331863963693034
26 27 -0.0093313267549557932
27 27 0.095888707071115672
28 27 0.0030305138503743285
29 27 -0.043202525799382038
30 27 0.00035475955452444672
31 27 -2.3910220623775952e-05
32 27 -6.2790536471628812e-05
33 27 -0.00079155909664244183
34 27 -3.1948223929115451e-05
35 27 1.4925304874725987e-05
36 27 0.010463253525408145
37 27 -0.00026709856771928793
38 27 0.064660684332127169
39 27 -0.017691365141313999
40 27 -1.0675619654184455e-05
41 27 0.012647266664217631
42 27 2.606634024170748e-05
43 27 1.8213684749404751e-05
44 27 0.0030012046208252661
45 27 4.1845796412128686e-05
46 27 7.393310446362781e-05
47 27 0.0019592539265534232
48 27 -1.384029143039644e-05
21 28 0.045601524141210555
23 28 -0.10642219690233042
24 28 -0.017023133729387272
25 28 0.0016729671738635232
26 28 -0.20933934872044707
27 28 4.4708061095181743e-05
28 28 0.072832639057804849
29 28 -0.019237751297686963
30 28 0.033287525183767402
31 28 -0.0024270265442630432
32 28 -0.005884409064482855
33 28 -0.020207580677844783
35 28 0.00054906865649400271
38 28 0.0019089077512585467
39 28 -0.0012475547366844382
40 28 0.00025095718121576343
41 28 0.038503601675754486
42 28 0.0010749834940212495
43 28 5.2498956719485167e-05
44 28 0.0015131087741052775
45 28 0.0011911361853780664
46 28 1.8539105853463294e-06
47 28 0.022263253278930091
48 28 -0.00044073597625310617
25 29 -0.25609913334856516
26 29 0.13534770350098393
27 29 -0.275294616842089
28 29 -0.039106537155656033
29 29 0.1282171794854432
33 29 0.0099958949745556497
35 29 -6.2132495594926447e-05
38 29 0.0064186824908400095
39 29 0.004511580941969801
41 29 -0.050028471604432044
44 29 -0.0023728478875860684
45 29 -0.00050503856748881665
47 29 -0.016690611763422392
48 29 0.00012285161727462743
9 30 0.025770793887321234
10 30 -0.0038627880748086998
11 30 0.00035359789337100937
12 30 3.9374452784378336e-05
13 30 -8.159068761590803e-06
14 30 9.2800031570983704e-07
15 30 0.0021887688808302969
16 30 -0.0006543789277594958
17 30 -1.6123035035336104e-05
18 30 -0.0044224319746668309
19 30 4.985390736233732e-06
20 30 0.00050550551745963152
21 30 0.00017324785865250854
22 30 5.0714661209858034e-05
23 30 -0.28764027690665761
24 30 -5.1527292290801849e-05
25 30 -9.7135956361781269e-05
26 30 1.6148105073124113e-05
27 30 -9.5510663719537079e-05
28 30 0.027683315151343899
29 30 4.3477241898768964e-05
30 30 0.090632788669595926
31 30 -0.013397146394714418
32 30 -0.015751396074518659
33 30 -0.011392476783529054
34 30 -8.528292125812869e-06
35 30 0.001062263029750423
36 30 5.4614717066953789e-07
37 30 -3.9596770179042555e-06
38 30 -1.0772435029897381e-05
39 30 3.8612230004714094e-06
40 30 0.0032348161835364987
41 30 -1.2344815489723859e-05
42 30 0.0024527477840179559
43 30 2.7490598488818125e-05
44 30 9.3800072165027802e-08
45 30 0.0010258639305196823
46 30 2.0808166632480697e-06
47 30 -0.0002896278447963173
48 30 -0.00059405086455401317
9 31 -0.28052511888097287
10 31 0.042047951205369381
11 31 -0.0038490506543054225
12 31 -0.00042860623915995014
13 31 8.8814638164071155e-05
14 31 -1.0101644521481303e-05
15 31 -0.023825600917943477
16 31 0.0071231692475430151
17 31 0.00017550550983355404
18 31 0.10839318155488753
19 31 -5.4267917979745232e-05
20 31 -0.010836093673221319
21 31 -0.0018858703521849769
22 31 -0.001075071695806927
23 31 0.0020201855673255111
24 31 0.00056089462585796695
25 31 0.0010573626806045637
26 31 -0.00017577840694962975
27 31 0.0010396707377922688
28 31 -0.00023056747262903738
29 31 -0.000473266695065588
30 31 -0.08854804687111438
31 31 0.084084672002390615
32 31 0.012563132214004707
33 31 -0.005099564123468449
34 31 0.00017575008478265905
35 31 0.00031261091253664152
36 31 -3.1315404253546098e-05
37 31 8.4378944997657245e-05
38 31 0.00011596793073703707
39 31 -3.3825905849614275e-05
40 31 -0.040640571527880698
41 31 0.00013350200033652188
42 31 0.0045241511506879488
43 31 0.0021964173851096655
44 31 -1.3319222859081277e-05
45 31 0.00023565458802055289
46 31 5.391106469391649e-05
47 31 -5.6738201901016818e-05
48 31 -0.00069277557794291344
30 32 -0.21602745246381785
31 32 -0.027485095921216774
32 32 0.039909280097272418
33 32 -0.014830278681570564
35 32 0.00092169589671872948
40 32 0.0093365422091466616
42 32 -0.0089916492202933521
43 32 -0.00043912507110889845
45 32 -0.0014295338457656853
46 32 -1.5506948489846679e-05
47 32 -0.00024908437992235524
48 32 0.0016106838121541271
23 33 0.03392991664708149
28 33 -0.2469285233438259
30 33 0.01757112749526616
31 33 -0.0012811283689073173
32 33 -0.19436717984519106
33 33 0.10823503837438771
35 33 -0.0098852403293151273
40 33 -0.011525720986857889
42 33 0.038560863010025578
43 33 0.0018831964299810097
45 33 0.0058834072242588149
46 33 6.6501850969781504e-05
47 33 0.0026714439833969623
48 33 -0.0068473227575471026
12 34 0.008262645110700113
13 34 0.060452041829602864
14 34 -0.0068757251032454591
15 34 -0.00016649687966839265
16 34 0.00062182379984116148
17 34 0.0011860380517594309
18 34 4.6231278371984031e-05
19 34 -0.16546919301277566
20 34 -0.00031062012995057846
22 34 -0.15749043585951752
27 34 -0.001377791803119033
29 34 0.00030668660344853097
31 34 2.8599869243818265e-06
32 34 -1.1384040130615648e-07
33 34 2.5431221309113112e-08
34 34 0.047118398258812408
35 34 -1.5805402469128202e-09
36 34 -0.014850067478962073
37 34 0.01284477673283217
38 34 -0.0034468425338505162
39 34 0.0050915746221932914
40 34 -1.9523593697585054e-05
41 34 -0.00060920100320672761
42 34 2.1365656305918967e-05
43 34 0.038738422883919918
44 34 -0.0041960044306186368
45 34 1.9444957401165733e-06
46 34 -0.0022295272853581098
47 34 -5.3740853820562629e-05
48 34 -3.4739746235407997e-06
8 35 0.045679541626157685
26 35 0.0056339132954896674
28 35 0.010971176071013106
29 35 0.00050785101726280807
33 35 -0.067021345839269178
35 35 0.0054656434324349143
38 35 -5.0474773597571769e-05
39 35 3.2950106473459777e-05
41 35 -0.0010340604979511866
44 35 -4.0558315438705077e-05
45 35 0.0017181979282835686
47 35 -0.0026408233748430559
48 35 -0.00041795499962926066
12 36 -0.047738040163207505
13 36 0.0098921489618701529
14 36 -0.0011251182736538672
15 36 -2.7244934753548432e-05
16 36 0.00010175295109805079
17 36 0.00019407888844385178
18 36 7.565115726651981e-06
19 36 -0.0010400357515502
20 36 -5.0828731388224366e-05
22 36 1.6175235908492008e-05
27 36 0.0079602935322320035
29 36 -0.0017719044200487427
31 36 4.6799770245530132e-07
32 36 -1.8628423019586465e-08
33 36 4.1614711738130579e-09
34 36 -0.35929483373168736
35 36 -2.586337713250962e-10
36 36 0.11243708209985193
37 36 -0.0066329797307879586
38 36 0.021273355431261607
39 36 -0.035491154312590617
40 36 -3.1947687999012523e-06
41 36 0.0041682991746824659
42 36 3.4961971250204056e-06
43 36 4.2247393113843238e-06
44 36 0.0069257857197069887
45 36 3.181901046646825e-07
46 36 0.0018194042374336304
47 36 0.0003677107858507916
48 36 -5.6846838296525642e-07
4 37 0.057006477181064712
5 37 -0.0097186976990354165
6 37 -0.00087345130158951163
7 37 -8.5365133744028866e-05
8 37 1.102236634372327e-05
22 37 -0.078121158529021822
34 37 0.022995447075905884
35 37 2.6925581761634737e-07
36 37 -0.028284888323878262
37 37 0.0086929286421524761
38 37 -0.001442893589903032
39 37 0.0082924213520531483
41 37 -0.00073067531172350863
43 37 0.019190857821626658
44 37 -0.0020247309179170412
45 37 -1.7937687995524854e-07
46 37 -0.0044217255938537176
47 37 8.4161059481163074e-05
48 37 4.3633776156445622e-08
12 38 -0.32610565481360099
13 38 0.067574741311030875
14 38 -0.0076858503222640515
15 38 -0.0001861142027989526
16 38 0.00069508954774017404
17 38 0.0013257817619889835
18 38 5.167843106558642e-05
19 38 -0.0071046389552085337
20 38 -0.00034721862640428586
22 38 0.00011049544304017451
27 38 -0.011578553181575933
29 38 -0.075513177103439993
31 38 3.1969619341028381e-06
32 38 -1.2725352918088534e-07
33 38 2.8427628731398056e-08
34 38 -5.2226727420925976e-05
35 38 -1.7667657714169286e-09
36 38 0.071877279563110907
37 38 -0.0018061560004144616
38 38 0.12069953432076866
39 38 -0.047269495029361897
40 38 -2.1823940989366743e-05
41 38 0.021182247349286382
42 38 2.3883042724718415e-05
43 38 2.8859822792171753e-05
44 38 0.0078750044664555041
45 38 2.1736039452423277e-06
46 38 0.0004964512909424397
47 38 0.0018686137923770675
48 38 -3.8832921006796968e-06
29 39 0.036778829152089569
36 39 -0.30734520930302339
37 39 0.037706770466264847
38 39 -0.22540445810968351
39 39 0.13213637808876438
41 39 -0.021967861970325502
44 39 -0.029512433308461754
46 39 -0.010341949871085328
47 39 -0.0019379171011037017
18 40 -0.18895420883885156
20 40 0.047399826900675256
22 40 0.0046482302219471019
31 40 -0.27677187368354111
32 40 0.070237946177438199
33 40 -0.01569071026666705
34 40 -0.00073689718074081427
35 40 0.00097517137606869945
36 40 0.00022547267364032386
37 40 -0.00036683259343225748
38 40 1.1502010252565631e-05
39 40 -7.291988971891364e-05
40 40 0.11011019669983381
41 40 7.7862861617449515e-06
42 40 -0.033057273219125438
43 40 -0.010242266551615043
44 40 0.00010929682070215059
45 40 -0.0044713783047360539
46 40 -0.00025887600760255894
47 40 -0.00026284902475874145
48 40 0.0057308220693259564
6 41 -0.22988764591107216
7 41 -0.022467640272086208
8 41 0.0029010270481213524
26 41 -0.15665023739326162
28 41 0.045261560932338907
29 41 -0.18379479826677672
33 41 -0.011569160615354436
35 41 0.00014277827303319179
38 41 0.018267169928944286
39 41 -0.11597920060789753
41 41 0.11802915161062437
44 41 0.051394801602849531
45 41 0.0005373161582619331
47 41 0.063737234578250271
48 41 -0.00013070320422950638
2 42 -0.081247103021605094
3 42 -0.0078567355455980495
4 42 0.00091736259694654798
5 42 -0.00015639573257277104
6 42 -1.4055798462821829e-05
7 42 -1.3737172449962134e-06
8 42 1.7737469693940053e-07
20 42 -0.064757335880545011
22 42 -0.0063503819615940557
32 42 -0.21804840367097431
33 42 0.048710625983672588
34 42 0.0010067441457677516
35 42 -0.0030273416165097346
36 42 -0.00030803930337988124
37 42 0.0005301690065672264
38 42 -1.5713971757484498e-05
39 42 0.00010028721397195536
40 42 -0.1981624650975812
41 42 -8.2178033434029533e-06
42 42 0.081979332534817956
43 42 0.030715655644211345
44 42 -0.0001328690598073591
45 42 0.012004489275008558
46 42 0.015188468335395089
47 42 0.00081979397598035586
48 42 0.0030227872047022004
2 43 -0.13920161272808482
3 43 -0.013461036985337075
4 43 0.0015717280764758616
5 43 -0.00026795463946733964
6 43 -2.4081964050895959e-05
7 43 -2.3536058373060348e-06
8 43 3.0389814470743774e-07
20 43 -0.12641725474894866
22 43 -0.24276512050632296
34 43 0.038486246235965638
35 43 7.4236639278360152e-09
36 43 -0.011775858374813293
37 43 0.019208417839323196
38 43 -0.00060072044018925398
39 43 0.0038095570204458198
40 43 -0.0041917268069323983
41 43 -0.0004025118980230113
42 43 0.054632072153431174
43 43 0.10784067635487396
44 43 -0.0056801054701108517
45 43 0.0049660010674809031
46 43 0.022843453986207331
47 43 -3.1410430890964103e-05
48 43 0.021028713032228134
4 44 -0.0024878334714917554
5 44 -0.24999825974902384
6 44 -0.17704064735104358
7 44 -0.017302737441398718
8 44 0.0022341335679298222
35 44 5.4575709220518575e-05
37 44 -0.30412305424498198
39 44 -0.12826460436687709
41 44 0.075789553216477207
44 44 0.16398003331723621
45 44 -3.6358064713277156e-05
46 44 0.083529629488940993
47 44 0.03680943561199132
48 44 8.8441702050815542e-06
1 45 -0.063523962592384353
2 45 -0.0083898148944981325
3 45 -0.00081130962768066934
4 45 9.4729560726257439e-05
5 45 -1.6149883476166052e-05
6 45 -1.4514431027293115e-06
7 45 -1.4185408432142376e-07
8 45 -0.012657895482077309
32 45 -0.03203541747344766
33 45 -0.059394422738625288
35 45 -0.28788212577055383
37 45 2.9951104718966846e-06
39 45 6.8621725398967909e-08
40 45 -0.0019526978257428048
41 45 2.4987259796441715e-07
42 45 0.093492598470815758
43 45 0.0061070675494407471
44 45 1.6988351746291185e-06
45 45 0.083250662314639803
46 45 0.0016865646872635353
47 45 0.07795458006002802
48 45 -0.020129913030752331
2 46 -0.11044053210037667
3 46 -0.16499229269862181
4 46 -0.048299466161011828
5 46 0.0082342908008983806
6 46 0.00074004277532215695
7 46 7.2326700271342105e-05
8 46 -9.3388407170294552e-06
22 46 0.00038790922651195186
34 46 -6.1496354903064059e-05
35 46 -2.281304317456764e-07
36 46 1.8816393821982923e-05
37 46 -0.22032487431099732
38 46 9.5987842412338432e-07
39 46 -0.0050533023222246905
41 46 0.00040844698694925179
42 46 0.0086398426528868453
43 46 0.051480052842660093
44 46 0.058766223569683751
45 46 0.00078550587268331811
46 46 0.098642465258789433
47 46 -8.9887206809394576e-05
48 46 0.02232570904944161
6 47 -0.16777513532634905
7 47 -0.17075430153888008
8 47 -0.0021691601453439208
26 47 -0.068974724188686845
28 47 0.019929134699107769
29 47 -0.0062175049574669959
33 47 -0.0050940214060155413
35 47 -0.2851036612044216
38 47 0.00061795121876761778
39 47 -0.00040340068914696014
41 47 0.11237349739525394
44 47 0.026563675377939643
45 47 0.067312069367849919
47 47 0.13348199795814927
48 47 -0.016373792253252785
1 48 -0.2879252501999221
2 48 -0.28318755942081381
3 48 -0.027384727349367987
4 48 0.003197476159416427
5 48 -0.00054511883087494158
6 48 -4.8991620800791774e-05
7 48 -4.7881046766838491e-06
8 48 0.053215570071655928
35 48 0.0012999569586727825
37 48 0.00010109615473022677
39 48 2.3162392953058643e-06
41 48 8.4341325849852754e-06
42 48 -0.13215471097118853
43 48 0.045566219756394299
44 48 5.7342026374972872e-05
45 48 -0.28057553446725148
46 48 0.051257594090964996
47 48 -0.00099552124818567023
48 48 0.19955883666399846


# name: BSOR
# type: sparse matrix
# nnz: 1199
# rows: 48
# columns: 48
1 1 -0.10000000000000012
2 1 -0.014528055252419599
3 1 -0.0015453769088569133
4 1 0.00019848422576485285
5 1 -3.7222244067452843e-05
6 1 -3.6798139410415626e-06
7 1 -3.9560372687561834e-07
8 1 0.020330488122767262
35 1 0.00054629942740631432
37 1 6.9031292491026999e-06
39 1 1.7397525352982516e-07
41 1 6.9684656223809119e-07
42 1 0.0012501942896399345
43 1 0.003002772241295833
44 1 4.3854473554630741e-06
45 1 0.0048000093195081084
46 1 0.002930826800279741
47 1 -0.0004361859932354724
48 1 0.021783463626642893
1 2 0.20339651696400832
2 2 -0.070450441633971905
3 2 -0.0074939476639021979
4 2 0.00096250331648360145
5 2 -0.0001805006580438772
6 2 -1.7844406066259177e-05
7 2 -1.9183887166033994e-06
8 2 -0.041351117964967141
35 2 -0.0011111436149717825
37 2 3.3475127662023294e-05
39 2 8.4365272788435407e-07
41 2 3.3791961283057705e-06
42 2 0.0060625278678461993
43 2 0.014561249035055176
44 2 2.1266212000635958e-05
45 2 -0.0089026155905475874
46 2 0.014212366269601047
47 2 0.00089241215162935207
48 2 -0.022230940055672214
2 3 0.043476838554425752
3 3 -0.095375285872421292
4 3 0.01224975581361027
5 3 -0.0022972273937833594
6 3 -0.00022710531299691876
7 3 -2.4415285569955963e-05
8 3 3.4677582187147801e-06
35 3 9.3181940238115931e-08
37 3 0.00042603711869516696
39 3 1.0737147323113257e-05
41 3 4.3006945232430455e-05
42 3 -0.0037413469558004236
43 3 -0.0089861334970341121
44 3 0.0002706545521733762
45 3 -0.00037415783279613052
46 3 0.00090523971825472692
47 3 4.6848752368003011e-05
48 3 -0.0095978706920099039
3 4 -0.14472799948966961
4 4 -0.081411508894324441
5 4 0.015267304201565194
6 4 0.0015093350831087201
7 4 0.00016226325394400878
8 4 -2.3046616876443721e-05
35 4 -6.1928437365724124e-07
37 4 -0.0028314298836412243
39 4 -7.1358758337378017e-05
41 4 -0.00028582286517234964
44 4 -0.0017987620175310426
45 4 4.2712277813796112e-07
46 4 0.020221161117766118
47 4 -0.00031135539990585347
48 4 -1.1428829438311477e-07
4 5 -0.22908770606199175
5 5 -0.057038608609660431
6 5 -0.0056388719272025571
7 5 -0.00060621509280554039
8 5 8.6102100438759994e-05
35 5 2.3136448020399565e-06
37 5 -0.0079674948386070296
39 5 -0.00020079979448804451
41 5 0.0011227321659060987
44 5 0.013003739743209806
45 5 -1.5957295832216656e-06
46 5 0.014242797106181497
47 5 0.0011685501980835302
48 5 4.2698076922550819e-07
5 6 0.14362057377220136
6 6 -0.085801581746935709
7 6 -0.0092242233044269595
8 6 0.0013101372942591672
35 6 3.5204627127271375e-05
41 6 0.016724718347974274
44 6 -0.010381123381177406
45 6 -2.428076467214984e-05
47 6 0.017745940391875693
48 6 6.4969777373977089e-06
6 7 0.054062983802654306
7 7 -0.094187880631733112
8 7 0.013377717669046633
35 7 0.00035947191520794419
41 7 -0.010538129469656082
44 7 -0.0084146074088596798
45 7 -0.00024792914146929638
47 7 -0.0031904112207591998
48 7 6.6340172326851375e-05
1 8 -0.12137891187802013
2 8 -0.017633995382424439
3 8 -0.001875761676384702
4 8 0.000240917993482891
5 8 -4.5179954825655108e-05
6 8 -4.4665181207719325e-06
7 8 -0.14735773777223526
8 8 -0.054393590228698122
35 8 -0.0014616071693445806
37 8 8.3789431680941895e-06
39 8 2.1116926967152833e-07
41 8 8.4582477470398443e-07
42 8 0.0015174722251260942
43 8 0.0036447322726601153
44 8 5.3230082810444832e-06
45 8 0.0072916123540683253
46 8 0.0035574056792089396
47 8 0.013395367553619093
48 8 0.026048420016897628
9 9 -0.1000000000000001
10 9 0.016487916130438023
11 9 -0.0016602261181772051
12 9 -0.00020335965156972172
13 9 4.6353607211620172e-05
14 9 -5.7994091877361388e-06
15 9 -0.0093425948403082076
16 9 0.003072652032878619
17 9 8.354681649304302e-05
18 9 0.019053638453012264
19 9 -2.8886084100585671e-05
20 9 -0.0024457386523750136
21 9 -0.0008102407992569171
22 9 -0.00027021691733443908
23 9 0.00088402826406734061
24 9 0.00026489839134449951
25 9 0.00049920137522768606
26 9 -9.1298694109978606e-05
27 9 0.00049794850566409698
28 9 -0.00010568256198831523
29 9 -0.00024834462513404642
30 9 -0.0031320906580935403
31 9 0.029358253675450335
32 9 -0.00066640778739194466
33 9 0.00013401898392875823
34 9 5.0486101845574127e-05
35 9 -1.1435140882714128e-05
36 9 -5.2701585743899052e-06
37 9 2.3331597950463216e-05
38 9 6.330807373644021e-05
39 9 -2.3978214464285354e-05
40 9 -0.01209866286065585
41 9 7.7622326287466619e-05
42 9 0.002348195795091068
43 9 0.00062405346205402596
44 9 -2.3146031517960671e-07
45 9 0.00025151292388846222
46 9 1.706129595888818e-05
47 9 2.0053879639942764e-05
48 9 -0.00043010366583662372
9 10 -0.10851167990300067
10 10 -0.082108685225863912
11 10 0.0082678115695599772
12 10 0.0010127170399389974
13 10 -0.00023083776709635308
14 10 2.8880657793542486e-05
15 10 -0.010136869696914078
16 10 0.0033306592054459226
17 10 8.3974695128084454e-05
18 10 0.020675136124652358
19 10 1.627235873623093e-06
20 10 -0.0026519797963502055
21 10 0.004034943301326168
22 10 -0.00029369859571911841
23 10 -0.0040390045866432137
24 10 -0.0013191757199437783
25 10 -0.0024859884207695526
26 10 0.00045466120017251179
27 10 -0.0024797492167481362
28 10 0.00048782488496325056
29 10 0.0012367391058608487
30 10 -0.0016789456462388598
31 10 0.031719188089465084
32 10 -0.0010569882650139006
33 10 -8.7342135463233856e-05
34 10 5.313309114512043e-05
35 10 1.6749213169699359e-05
36 10 -7.6258516115355329e-05
37 10 2.7278620425364691e-05
38 10 -0.00032102174201088546
39 10 0.00015540255597299032
40 10 -0.013112603588197706
41 10 -0.00039078140825415789
42 10 0.0026147559035949149
43 10 0.00068054795329444272
44 10 -4.7070223539139715e-05
45 10 0.00029609370403108006
46 10 1.8052760635761302e-05
47 10 -8.8327797221377072e-05
48 10 -0.00048321694330747664
10 11 -0.22512976111052696
11 11 -0.07733089455224193
12 11 -0.0094721939376454789
13 11 0.0021590829539131729
14 11 -0.00027012796356589921
15 11 -7.1953152004342522e-06
16 11 2.7087779072579476e-05
17 11 5.1327055312208398e-05
18 11 2.2044439447076721e-06
19 11 -0.00025321941309084745
20 11 -1.4839744571383113e-05
21 11 0.013182781248781241
22 11 3.6992150450842937e-06
23 11 -0.011811199680100042
24 11 -0.0072051605819220977
25 11 0.025364817615208417
26 11 -0.0019815375002109428
27 11 0.023255816986270987
28 11 0.0025525515767406922
29 11 -0.011854281886095396
30 11 0.0040638342382551297
31 11 -0.00032577800262030418
32 11 -0.00078893286784113273
33 11 -0.0008674252981040419
34 11 1.2673454490199231e-05
35 11 7.815622502314068e-05
36 11 0.00054173345145115464
37 11 -1.5061001696378386e-05
38 11 0.0030195656279121338
39 11 -0.001413336913417849
40 11 3.6129508636953722e-05
41 11 0.0033089179847963779
42 11 0.00015908006687057811
43 11 1.0124337315010539e-05
44 11 0.00034970954976918961
45 11 7.0663763191442495e-05
46 11 4.9391107733853999e-06
47 11 0.00049584471176348848
48 11 -4.3486441101379188e-05
11 12 0.11938272208446299
12 12 -0.085376914324660713
13 12 0.019460733341139867
14 12 -0.0024347782735320111
15 12 -6.4854437467219445e-05
16 12 0.00024415367847713438
17 12 0.00046263258889912633
18 12 1.9869591252014344e-05
19 12 -0.0022823743136082823
20 12 -0.00013375693204881303
21 12 -0.0025303990319865011
22 12 3.3342599196312847e-05
23 12 0.00066685662618645974
24 12 0.0042836641275262877
25 12 -0.03841858585986823
26 12 0.0038538541286495332
27 12 -0.017537937572323557
28 12 -0.0014279826339134208
29 12 0.013708991299811013
30 12 -0.00022944280537985816
31 12 1.9753896230633851e-05
32 12 4.4483329433147632e-05
33 12 0.00040997060509838774
34 12 0.00011423123780299031
35 12 -1.4940261812433948e-05
36 12 0.0048828741024325778
37 12 -0.00013575121666004408
38 12 0.031428629491896232
39 12 -0.0076742957854154734
40 12 -1.1372041389918418e-05
41 12 -0.0030145007895509518
42 12 1.3521368732195573e-06
43 12 1.4299849891705176e-05
44 12 0.0011131393605196579
45 12 -2.0875436539357931e-05
46 12 4.1529015509646581e-05
47 12 -0.00067314315237448376
48 12 5.3768798220725695e-06
12 13 -0.10905682240367423
13 13 -0.075141690741370254
14 13 0.0094011542549009494
15 13 0.00025041564456696375
16 13 -0.00094272501862574705
17 13 -0.0017863147453158353
18 13 -7.6720370956423955e-05
19 13 0.0088126928118709598
20 13 0.00051646162795310614
22 13 -0.00012874228495934206
27 13 0.020003685667940384
29 13 -0.0048979451322551859
31 13 -5.220733495707729e-06
32 13 2.2858965903543601e-07
33 13 -5.6172022896317297e-08
34 13 -0.0055806977797932707
35 13 3.8401756661586587e-09
36 13 0.008164599598942111
37 13 -0.00027906822419269787
38 13 0.039456838681960052
39 13 -0.011352661182342464
40 13 3.5809065149798719e-05
41 13 0.0024846403360283798
42 13 -3.9652236789566483e-05
43 13 -5.7064189181145665e-05
44 13 0.001935192701528056
45 13 -3.9699181032855653e-06
46 13 8.1911317111960736e-05
47 13 0.0002411024170812803
48 13 7.1886701823541622e-06
13 14 -0.13436795681415573
14 14 -0.083188907829162453
15 14 -0.0022158772646456203
16 14 0.0083419825434540764
17 14 0.015806736989182443
18 14 0.00067888300681652296
19 14 0.0064112131888358764
20 14 -0.0045700642283039309
22 14 -0.0021679825242198929
31 14 4.6197212150693224e-05
32 14 -2.0227435441010024e-06
33 14 4.9705484120349401e-07
34 14 -0.0061298165483947694
35 14 -3.3980935838099497e-08
36 14 0.0020631327930607621
37 14 5.285035024537289e-05
38 14 0.00011577097823236993
39 14 -0.00065033297495669566
40 14 -0.00031686715688577605
41 14 7.6385832853641665e-05
42 14 0.00035087460348688063
43 14 0.0013986220550010751
44 14 8.795053056172896e-05
45 14 3.5129000357735944e-05
46 14 3.7255364539016447e-05
47 14 7.4224001421173888e-06
48 14 -6.36110848731531e-05
9 15 0.086879128930937299
10 15 -0.014324557912988044
11 15 0.0014423899897562681
12 15 0.00017667709388076322
13 15 -4.0271610173523701e-05
14 15 0.033619002231046108
15 15 -0.090987870204370186
16 15 0.026842734896293435
17 15 -0.0055771022838804274
18 15 0.00306834995173174
19 15 0.0029161916073627316
20 15 -0.0042830981232771809
21 15 0.00070393014863747317
22 15 -7.3953356537224089e-05
23 15 -0.00076803605532499094
24 15 -0.00023014141495216635
25 15 -0.00043370180640907308
26 15 7.9319510168070296e-05
27 15 -0.00043261332424558604
28 15 9.1816089287346034e-05
29 15 0.00021575964706326087
30 15 0.0027211330810789267
31 15 -0.024170941420973792
32 15 0.00052050524029017761
33 15 -0.00010206798171497934
34 15 -0.00036952064349335075
35 15 8.9525883137950852e-06
36 15 0.00011418672181161595
37 15 -1.2785070513248744e-06
38 15 -4.8850938353935767e-05
39 15 -1.3310300208187346e-05
40 15 0.005936782852321053
41 15 -6.3427358465849642e-05
42 15 -0.00083649700063762066
43 15 0.00071913239304604681
44 15 1.5674350924556828e-08
45 15 -9.6853828512237402e-05
46 15 2.8281646972830946e-05
47 15 -1.6741523868850532e-05
48 15 0.00015515761615491442
14 16 -0.12281735929500255
15 16 -0.35296009985446702
16 16 0.027303790649281692
17 16 0.023738775624597381
18 16 0.067451218812787997
19 16 -0.011594875835121454
20 16 -0.016096565699569534
22 16 -0.0034201946309338279
31 16 0.0045899782937995279
32 16 -0.0002009720614971657
33 16 4.9385467774764272e-05
34 16 0.0021184149847588195
35 16 -3.3762158069430322e-06
36 16 -0.000713001994409077
37 16 0.00033039256500599565
38 16 -4.0009513033773276e-05
39 16 0.00023353680242748016
40 16 -0.015508431369316966
41 16 -2.7430414637343726e-05
42 16 0.0037156218723250747
43 16 0.0039202060307987454
44 16 -0.00013505169534407037
45 16 0.00037603184835294776
46 16 5.0818869912845006e-05
47 16 -1.6581331699262426e-06
48 16 -0.00067469424951485983
14 17 -0.27015682167242261
15 17 -0.0071960838849117218
16 17 0.055932076800450162
17 17 -0.047893447279758652
18 17 0.0031063091593030805
19 17 0.0029695506461670795
20 17 -0.0018510748574396066
22 17 0.0039978681742999589
31 17 0.00021138078549187998
32 17 -9.2553013330325606e-06
33 17 2.2743329710764725e-06
34 17 -0.0010869654855598671
35 17 -1.5548377434067442e-07
36 17 0.00036584359751696671
37 17 -0.00035708642723518034
38 17 2.0529008751663625e-05
39 17 -0.00012455545960877849
40 17 -0.00075468268662069369
41 17 1.4629847916474181e-05
42 17 0.00025003637111260823
43 17 -0.00074529408318533847
44 17 0.00012559576893354248
45 17 2.5208609334744886e-05
46 17 8.0863625121907338e-05
47 17 1.4658661776343695e-06
48 17 -4.5376751408675293e-05
9 18 -0.1958846142438711
10 18 0.032297290908961489
11 18 -0.0032521275271674109
12 18 -0.00039835026900502941
13 18 9.0799584674601305e-05
14 18 -1.1360150315820544e-05
15 18 -0.24944417950630141
16 18 0.11803783789670175
17 18 0.0031698984520551598
18 18 -0.015562055193549751
19 18 -0.00091164518812675949
20 18 -0.021161805927554705
21 18 -0.0015871370640708686
22 18 -0.0025325364169097647
23 18 0.0017316753548750987
24 18 0.00051889519202339242
25 18 0.00097785868816485156
26 18 -0.00017884009476702329
27 18 0.00097540450945323614
28 18 -0.00020701587887385104
29 18 -0.00048646891093921408
30 18 -0.0061352837033748497
31 18 0.053909524493938696
32 18 -0.001147817960508217
33 18 0.00022380184003039104
34 18 0.00056046697366414749
35 18 -1.9752555935619679e-05
36 18 -0.00016567641421142353
37 18 0.00022288856887789718
38 18 0.00011529327270177919
39 18 6.5659442118306425e-06
40 18 -0.012597442982039256
41 18 0.00014576209308428837
42 18 0.0037482398936934426
43 18 0.0045620591442537984
44 18 -6.1456517571391035e-05
45 18 0.0004039965742800931
46 18 0.00010864748960561394
47 18 3.788537060367576e-05
48 18 -0.00068721657075641613
13 19 -0.12840355555683189
14 19 0.060714697379416593
15 19 0.0016172386567350223
16 19 -0.006088323057568016
17 19 -0.23484967234424101
18 19 -0.00049547682966988391
19 19 -0.017250317559974596
20 19 0.0449138326924967
22 19 0.026674554776834062
31 19 -3.3716631564175754e-05
32 19 1.4762816986185861e-06
33 19 -3.6277113201941584e-07
34 19 -0.0078021468523541138
35 19 2.4800689057205464e-08
36 19 0.0026259945791661425
37 19 -0.0023940683398654505
38 19 0.00014735549853383157
39 19 -0.00088978769983507982
40 19 0.001747779402777428
41 19 0.00010451134592914414
42 19 -0.0032129196452195807
43 19 -0.015183317840405679
44 19 0.00085076659497003242
45 19 -0.00032128977597181571
46 19 0.00014638722602269464
47 19 1.0134158665246699e-05
48 19 0.00058237724996651995
16 20 -0.23949834792999608
17 20 -0.22817502754526811
18 20 -0.11567376753792022
19 20 0.064899524858058749
20 20 -0.0014391337812965921
22 20 0.017853926489010269
31 20 -0.00787146758066299
32 20 0.00034465197119362272
33 20 -8.4692363157809781e-05
34 20 -0.011632396303470603
35 20 5.7899561977394266e-06
36 20 0.0039151544073294841
37 20 -0.0017367248561565175
38 20 0.00021969562850817411
39 20 -0.0012804174837949863
40 20 0.025536469621558665
41 20 0.00015039335181574781
42 20 -0.0043065894632103897
43 20 -0.0048058359741559621
44 20 0.00071832045817001814
45 20 -0.00043834678534468311
46 20 0.00034658394072106921
47 20 1.2872629313804323e-05
48 20 0.0007826748854433351
10 21 -0.084674052243793013
11 21 -0.0071289180746462056
12 21 -0.0008732149674412033
13 21 0.00019903979624099545
14 21 -2.4902338620062962e-05
15 21 -6.6331590863079207e-07
16 21 2.4971463080913839e-06
17 21 4.7316971367294221e-06
18 21 2.0322149863860966e-07
19 21 -2.334358681982054e-05
20 21 -1.3680343918250838e-06
21 21 -0.095507171263433888
22 21 3.4102025005140804e-07
23 21 0.022034120850085243
24 21 0.036457174203347743
25 21 -0.0016746494415401463
26 21 -0.0044962531928150621
27 21 0.0020259227086164024
28 21 -0.0057567952055799882
29 21 -0.00054815223307317772
30 21 -0.0075811955724779667
31 21 0.00060804158320427321
32 21 0.001471763304972412
33 21 0.0018979536793564857
34 21 1.1683301907538618e-06
35 21 -0.00024946156451135089
36 21 4.9940886059214023e-05
37 21 -1.3884314650343879e-06
38 21 0.00022785088918392244
39 21 -9.2210291517574931e-05
40 21 -6.9414932079987109e-05
41 21 0.00094909456559929596
42 21 -0.00029453776349857647
43 21 -1.5677258586658453e-05
44 21 5.095325646352484e-05
45 21 -0.00012079312947220738
46 21 -1.899092893612947e-07
47 21 0.0006155062937591118
48 21 7.7828607114495207e-05
17 22 -0.091566912776485571
19 22 -0.024696365224254349
20 22 0.10912355830154281
22 22 -0.079013236145267118
34 22 0.017020536635545255
36 22 -0.005728658763447224
37 22 0.0069639036254165038
38 22 -0.00032145891492510979
39 22 0.0019849716352810811
40 22 0.00398013514895327
41 22 -0.00023314781410537695
42 22 -0.0077602907896920535
43 22 0.0019765045837944056
44 22 -0.002378620328451775
45 22 -0.00077594376574929239
46 22 -0.0020653678224733579
47 22 -2.2624106538683263e-05
48 22 0.0014066171919776957
9 23 -0.00065354759456583286
10 23 0.061483987649784612
11 23 -0.0061910384149403913
12 23 -0.00075833490458476174
13 23 0.00017285414304484987
14 23 -2.1626189753389009e-05
15 23 -6.163334441000484e-05
16 23 2.2246064760233881e-05
17 23 4.6480120577687758e-06
18 23 0.00012470077218055105
19 23 -2.0425762027175859e-05
20 23 -1.7170039895138455e-05
21 23 -0.26752208024662927
22 23 -1.4703595392342582e-06
23 23 -0.02722045704536516
24 23 0.10250130950826461
25 23 -0.0091124467253378364
26 23 -0.012136527388545039
27 23 0.0015342731427350803
28 23 -0.0068564840111143607
29 23 0.00056336325163559733
30 23 0.0093471565588368125
31 23 -0.00055942108564566032
32 23 -0.0018229257413994926
33 23 0.0015833502617899594
34 23 1.3427972826496617e-06
35 23 -0.00030920435495812294
36 23 4.3260214603094805e-05
37 23 -1.0511732577612186e-06
38 23 0.00010146976744822444
39 23 -7.3681253854499082e-06
40 23 6.5018917960250585e-06
41 23 0.002053305870552117
42 23 0.00037950997078319286
43 23 2.3767741756573615e-05
44 23 7.9911640997516053e-05
45 23 8.5972448622147429e-05
46 23 1.2396226028627837e-06
47 23 0.001503807281890499
48 23 -8.1639895224562987e-05
11 24 0.019830073258842233
12 24 0.002428968406392572
13 24 -0.00055365676804749239
14 24 6.9269304820402471e-05
15 24 1.8451050950752994e-06
16 24 -6.9461584084702892e-06
17 24 -1.3161871111087928e-05
18 24 -5.6528875259593064e-07
19 24 6.4933420739886693e-05
20 24 3.805377187176248e-06
21 24 -0.37178292905342497
22 24 -9.4859507017181176e-07
23 24 0.097978977468882275
24 24 0.043237898109746473
25 24 -0.010978778423311641
26 24 -0.0043015036046935105
27 24 -0.0060950543721050151
28 24 -0.027780049905045186
29 24 0.0036471060653369492
30 24 -0.033711251528337469
31 24 0.002703674471233917
32 24 0.0065444843983923683
33 24 0.0090529406248180035
34 24 -3.249872285047395e-06
35 24 -0.0010468031272920903
36 24 -0.00013891749334135183
37 24 3.8621144721010085e-06
38 24 -0.00083063500726819714
39 24 0.00040488455561038457
40 24 -0.00030798128279795994
41 24 -0.00013039119644755949
42 24 -0.0013104783132985378
43 24 -7.0804559380098999e-05
44 24 -6.8809887602729107e-05
45 24 -0.00058843463880993809
46 24 -3.9160706930780185e-06
47 24 0.00072832280159967054
48 24 0.00035992519602477365
11 25 -0.3219517128801338
12 25 -0.039435584970475029
13 25 0.008988910050601406
14 25 -0.0011246237492844612
15 25 -2.9956255735892182e-05
16 25 0.00011277455046952864
17 25 0.00021368992910970777
18 25 9.1777614633361045e-06
19 25 -0.0010542283811811534
20 25 -6.178230849551124e-05
21 25 0.0068239883325990174
22 25 1.5400941977624153e-05
23 25 -0.0017983811166099996
24 25 -0.16472796356379046
25 25 0.020166235405510186
26 25 0.018871312259968326
27 25 0.094309475698670056
28 25 -0.0052679056317272155
29 25 -0.025961990149324533
30 25 0.0006187621031777615
31 25 -4.9001479724997635e-05
32 25 -0.00012014978824459967
33 25 0.0014583718196565041
34 25 5.2763393011981794e-05
35 25 -1.1351672161220299e-05
36 25 0.0022553988755598794
37 25 -6.2703468282833232e-05
38 25 0.010206370057141912
39 25 -0.0042059605210976979
40 25 1.374066890765432e-06
41 25 0.0031987699534656595
42 25 2.8791602841942966e-05
43 25 8.1182520419391408e-06
44 25 0.00079196041982261577
45 25 -7.3718860142690866e-05
46 25 1.9241024401279944e-05
47 25 -0.0015717842859859685
48 25 1.5277077808691744e-05
24 26 -0.18112585710909906
25 26 -0.094386748168162449
26 26 -0.065886404231302653
27 26 -0.0027746111379613864
28 26 0.02115585929598636
29 26 0.016337763722182954
33 26 -0.0059483385464475505
35 26 0.00013708338911805069
38 26 -0.0015737309212816362
39 26 0.0011550778484664842
41 26 0.0078854095036195934
44 26 0.00012248463144223386
45 26 0.00030470311801619342
47 26 0.007307584455680873
48 26 -8.153159099381838e-05
11 27 -0.27025384066153929
12 27 -0.22244388399177203
13 27 0.05070364915356209
14 27 -0.006343653200720124
15 27 -0.00016897393257210726
16 27 0.00063612620532064307
17 27 0.0012053585064524335
18 27 5.1768901305330374e-05
19 27 -0.0059465747978600155
20 27 -0.00034849480929492158
21 27 0.0057282163185789223
22 27 8.6871929329805278e-05
23 27 -0.0015096034103660456
24 27 -0.0096971878539424457
25 27 0.11617594822232523
26 27 -0.01207263004306202
27 27 0.016812818904772639
28 27 0.0042968320961395568
29 27 -0.032628047100303037
30 27 0.00051940346377924264
31 27 -3.8134430510031776e-05
32 27 -0.00010098785042869495
33 27 -0.0012272288202969566
34 27 0.00029762190881552319
35 27 4.0418691061128696e-05
36 27 0.012722004408095674
37 27 -0.00035369078549312815
38 27 0.084571415797142724
39 27 -0.023975142886025126
40 27 -1.9413758661656706e-05
41 27 0.01265817104064685
42 27 4.6942883435173633e-05
43 27 3.9589861050810164e-05
44 27 0.0043002324517679956
45 27 6.7666919944082811e-05
46 27 0.00010829170076786521
47 27 0.0024225610846122518
48 27 -2.5358962897580108e-05
21 28 0.050161676555331609
23 28 -0.11826619062714704
24 28 -0.020475601518096697
25 28 0.0022134884636620163
26 28 -0.22989128059822569
27 28 6.5068135773505524e-05
28 28 -0.011864623644762484
29 28 -0.023331441161444332
30 28 0.040691395261767099
31 28 -0.0032635350770601791
32 28 -0.0078995623369126217
33 28 0.0018366654708631205
35 28 -0.0022717121811115589
38 28 0.0025457938730395653
39 28 -0.0017147481552539049
40 28 0.0003720693791293194
41 28 0.047070819797155529
42 28 0.0015814690951261572
43 28 8.4957607111174261e-05
44 28 0.0020641149428705613
45 28 0.00089453910843401889
46 28 3.3001453489399865e-06
47 28 0.028212937151122823
48 28 -0.00048370079089255739
25 29 -0.28170904668342167
26 29 0.15181866778005845
27 29 -0.30357691250098379
28 29 -0.048252112453920457
29 29 0.055618261330338287
33 29 0.013566922356665024
35 29 -0.0002993530264029203
38 29 0.017163100432370307
39 29 -0.00098989144985324289
41 29 -0.040286878726093933
44 29 -0.0013861627212850129
45 29 -0.0006984052006685081
47 29 -0.018989578307482838
48 29 0.00018687727102889134
9 30 0.028347873276053363
10 30 -0.0046739735705185271
11 30 0.00047063879607681358
12 30 5.764813632160832e-05
13 30 -1.3140261831229606e-05
14 30 1.6440091672992347e-06
15 30 0.0026484269460256677
16 30 -0.00087103150449450756
17 30 -2.3683745665624661e-05
18 30 -0.005401301283137286
19 30 8.1885905152482165e-06
20 30 0.00069331489383872341
21 30 0.00022968603500423255
22 30 7.6600749296424581e-05
23 30 -0.3164507622245043
24 30 -7.5093060288642562e-05
25 30 -0.00014151297324185996
26 30 2.5881238108988305e-05
27 30 -0.00014115781136565946
28 30 0.033501140632116282
29 30 7.0400419620889174e-05
30 30 0.00968165878806726
31 30 -0.0090277199268446618
32 30 -0.0015182542681303618
33 30 -0.021239803825740478
34 30 -1.4311736173202577e-05
35 30 0.00192363904334035
36 30 1.4939778741151092e-06
37 30 -6.6140118202755693e-06
38 30 -1.7946492516316471e-05
39 30 6.7973138501959028e-06
40 30 0.0035101211660568251
41 30 -2.2004278689895669e-05
42 30 -0.00032389382632390515
43 30 -0.00015854577908088897
44 30 6.561407683146855e-08
45 30 0.00073356775235440541
46 30 -4.123323368703992e-06
47 30 -0.0005765619713262208
48 30 -0.00014624322460309784
9 31 -0.30857763076907019
10 31 0.050878020958496958
11 31 -0.0051230864208805177
12 31 -0.00062752239475408298
13 31 0.00014303686290961825
14 31 -1.789567947011994e-05
15 31 -0.028829157810576433
16 31 0.009481516844834505
17 31 0.00025780678691721468
18 31 0.12507388372990502
19 31 -8.9135993939548253e-05
20 31 -0.01400050039067113
21 31 -0.0025002218618713707
22 31 -0.0015299724086848712
23 31 0.0027279134725879364
24 31 0.00081741717995623554
25 31 0.0015404237764442084
26 31 -0.00028172734720767234
27 31 0.0015365577012282582
28 31 -0.00032611274591959674
29 31 -0.00076633596038096848
30 31 -0.098439661188555322
31 31 0.0022231069270674808
32 31 0.019358781000783969
33 31 -0.0075225632512957458
34 31 0.00027718658148586023
35 31 0.00050726278700297274
36 31 -5.7121780830126825e-05
37 31 0.00013275287437879244
38 31 0.00019306177122029025
39 31 -5.9554312690648371e-05
40 31 -0.025118664976320822
41 31 0.00023782940499356679
42 31 0.0011364448266851851
43 31 0.0029067327292434928
44 31 -2.100763880853539e-05
45 31 -0.00020978069707190065
46 31 7.2062855063976915e-05
47 31 -9.9566490180807906e-05
48 31 -0.00011945222458794777
30 32 -0.23763019771019964
31 32 -0.028501020124736563
32 32 -0.051785632281412787
33 32 0.0055685315004423731
35 32 -0.00038069020949642036
40 32 0.0044027785993249876
42 32 0.01003449912407153
43 32 0.00053906019205028145
45 32 0.0024483264133794628
46 32 2.0939584412558715e-05
47 32 0.00011316789368787979
48 32 -0.0022054818003670457
23 33 0.037322908311789645
28 33 -0.27198053881544076
30 33 0.018160826597524854
31 33 -0.0014565363081839922
32 33 -0.21391276875432041
33 33 0.031056974614792079
35 33 -0.0059500057754899409
40 33 -0.013940354259981204
42 33 0.046895221214056704
43 33 0.0025192435258923683
45 33 0.011329254164171352
46 33 9.7859039202239598e-05
47 33 0.0017687600160078394
48 33 -0.010276927039108409
12 34 0.0090889096217701259
13 34 0.066308908059073343
14 34 -0.0082960639691087353
15 34 -0.00022097969566982874
16 34 0.00083190923664732731
17 34 0.0015763363725658265
18 34 6.7702017000352999e-05
19 34 -0.18280153371920568
20 34 -0.00045575240942944697
22 34 -0.17261106935096296
27 34 -0.0016671280817740304
29 34 0.00040819986918999476
31 34 4.6070448236163221e-06
32 34 -2.0171931899172015e-07
33 34 4.956909360136849e-08
34 34 -0.043001169442541204
35 34 -3.3887693059029216e-09
36 34 0.013949141358460548
37 34 0.013547507712549723
38 34 -0.0024674470722430794
39 34 -0.0033339426565053495
40 34 -3.1599768188235354e-05
41 34 0.0002956513019022227
42 34 3.4991181295956333e-05
43 34 0.046724116534316192
44 34 -0.0034847200308402489
45 34 3.5032607320330443e-06
46 34 -0.002362164440359896
47 34 2.869030295977387e-05
48 34 -6.3436537757632009e-06
8 35 0.050247495788773459
26 35 0.0061973046250386335
28 35 0.011889232550873178
29 35 0.00061449973088799771
33 35 -0.073981608002443314
35 35 -0.093371444086688279
38 35 -6.7181923658368031e-05
39 35 4.5191438649378649e-05
41 35 -0.0012653940012857085
44 35 -5.534890077657937e-05
45 35 0.027794059021431259
47 35 0.026335998182333342
48 35 -0.0074370550158694123
12 36 -0.052511844179528269
13 36 0.011969500243862886
14 36 -0.0014975324222332969
15 36 -3.9889308972670254e-05
16 36 0.00015016893057643159
17 36 0.00028454636259471331
18 36 1.2220972003849023e-05
19 36 -0.0014037949867782625
20 36 -8.2268412125667813e-05
22 36 2.0507667528006583e-05
27 36 0.0096319551740007264
29 36 -0.002358404783084877
31 36 8.3162316729203333e-07
32 36 -3.6412595359167066e-08
33 36 8.9477763292537899e-09
34 36 -0.39514564822990167
35 36 -6.1171079754871363e-10
36 36 0.036022391495288131
37 36 -0.00561424580321245
38 36 0.020799587183334682
39 36 -0.015740856983353382
40 36 -5.7041119226112554e-06
41 36 0.0024031774311752191
42 36 6.316299955985926e-06
43 36 9.089891637792346e-06
44 36 0.0041914984622586134
45 36 6.3237778171566518e-07
46 36 0.0016941835457048569
47 36 0.00023319877494582599
48 36 -1.145100524779181e-06
4 37 0.062707124899171185
5 37 -0.011759624215832853
6 37 -0.0011625636824156398
7 37 -0.00012498309231463264
8 37 1.7751631220229762e-05
22 37 -0.08593327438192401
34 37 0.026657316466230041
35 37 4.7700310551223395e-07
36 37 -0.032345864745974076
37 37 -0.089431723620252271
38 37 -0.0018150612583002351
39 37 0.0079629326429792105
41 37 -0.00070868754482260234
43 37 0.02322093796416826
44 37 0.027257317764567114
45 37 -3.2899084858805897e-07
46 37 0.024598218086394501
47 37 0.00014968851769199632
48 37 8.8030432646788132e-08
12 38 -0.35871622029496114
13 38 0.081765436986347362
14 38 -0.010229866778933451
15 38 -0.00027248980431794645
16 38 0.0010258263068794373
17 38 0.0019437785376512748
18 38 8.3483277992744858e-05
19 38 -0.0095895324110979816
20 38 -0.00056198776311292779
22 38 0.00014009092801163007
27 38 -0.0067548340602334445
29 38 -0.08424559273653387
31 38 5.6809415845467693e-06
32 38 -2.4873985635915621e-07
33 38 6.1123591354004421e-08
34 38 0.00047994938899387793
35 38 -4.1786874682994985e-09
36 38 0.080765639068744247
37 38 -0.0022274883655148577
38 38 0.045813006624323582
39 38 -0.038771847327269182
40 38 -3.8965637200306663e-05
41 38 0.024354805713739446
42 38 4.3147584737536351e-05
43 38 6.2094402170526406e-05
44 38 0.0075929184900765511
45 38 4.319866711974868e-06
46 38 0.00067451892207151054
47 38 0.0023633333682625654
48 38 -7.822352052657511e-06
29 39 0.040456712067298527
36 39 -0.33807973023332577
37 39 0.042322773267653657
38 39 -0.25007164093023598
39 39 0.060371142454012483
41 39 -0.016599792225465568
44 39 -0.02251501569316303
46 39 -0.012768794397920662
47 39 -0.0016108041555954605
18 40 -0.20784962972273668
20 40 0.053979642184023853
22 40 0.0058228226268629167
31 40 -0.30573487283166395
32 40 0.078529884841484376
33 40 -0.019297384264776379
34 40 -0.0010154195274520827
35 40 0.0013192571969660306
36 40 0.0003417631358558786
37 40 -0.00050819406194127547
38 40 1.9177753702949417e-05
39 40 -0.00012075763188236109
40 40 0.033740749300852996
41 40 1.4183768377086892e-05
42 40 -0.025572275682459355
43 40 -0.012324878566453042
44 40 0.00016974215983471086
45 40 -0.0043194290046903849
46 40 -0.00032240160009683669
47 40 -0.00039079962687448943
48 40 0.0051067875243689352
6 41 -0.25287641050217941
7 41 -0.027185844729224314
8 41 0.003861267001049521
26 41 -0.17231526113258777
28 41 0.054766488728130072
29 41 -0.20372755866534656
33 41 -0.015398552779036756
35 41 0.00044352369415655475
38 41 0.022273092412233533
39 41 -0.12944226069049605
41 41 0.043399424095313721
44 41 0.059173759679002375
45 41 0.00072113400732626808
47 41 0.068845670418607785
48 41 -0.00019295898026857027
2 42 -0.089371813323765606
3 42 -0.0095066500101736399
4 42 0.0012210096165358555
5 42 -0.00022897899205979408
6 42 -2.2637003982359185e-05
7 42 -2.4336238962627371e-06
8 42 3.4565310503312763e-07
20 42 -0.071233069468599516
22 42 -0.0076839621735288076
32 42 -0.23985324403807176
33 42 0.058939857440243833
34 42 0.0013399764580168773
35 42 -0.0040293881706820163
36 42 -0.00045100034407848409
37 42 0.00071309310134540628
38 42 -2.5307508655146364e-05
39 42 0.00016042544042494823
40 42 -0.21967691497924458
41 42 -1.4430533081289031e-05
42 42 -0.00051717181151535174
43 42 0.032482536203957108
44 42 -0.00019701874829149856
45 42 0.0053314195123729206
46 42 0.018367384366379361
47 42 0.0012006736260717001
48 42 0.019776957554777725
2 43 -0.1531217740008933
3 43 -0.016287854752257865
4 43 0.0020919700697893721
5 43 -0.00039231238764413204
6 43 -3.8784243923608451e-05
7 43 -4.1695563107437169e-06
8 43 5.9221151124965868e-07
20 43 -0.13905898022384353
22 43 -0.26840530452956413
34 43 0.046806163429003012
35 43 1.5913282924909939e-08
36 43 -0.015753706481318078
37 43 0.023498162747350688
38 43 -0.00088400611742595948
39 43 0.0055682043002969099
40 43 -0.0050719894363882032
41 43 -0.00064646182070043023
42 43 0.062263222170893431
43 43 0.030972173978317627
44 43 -0.0077781103461006598
45 43 0.0062256267471891714
46 43 0.023656676116865755
47 43 -5.5443145038969392e-05
48 43 0.024905619732795235
4 44 -0.0027366168186409305
5 44 -0.27495143075962453
6 44 -0.19721159791902798
7 44 -0.021201518438125351
8 44 0.0030112996058302812
35 44 8.09164659736672e-05
37 44 -0.33454401216362062
39 44 -0.14185774519958999
41 44 0.088896897344828238
44 44 0.099106219174550522
45 44 -5.5808393064520248e-05
46 44 0.10107346214190223
47 44 0.045684462214422406
48 44 1.4933050593584334e-05
1 45 -0.069876358851622786
2 45 -0.010151676022342741
3 45 -0.0010798531144429711
4 45 0.00013869354985931355
5 45 -2.6009548837200193e-05
6 45 -2.5713199945142423e-06
7 45 -2.7643347982200044e-07
8 45 -0.012632196317989258
32 45 -0.035238959220792426
33 45 -0.064546649085308605
35 45 -0.31631741809622232
37 45 4.8236553660943308e-06
39 45 1.2156757246952103e-07
40 45 -0.0023627643691487943
41 45 4.8693100447468496e-07
42 45 0.1037298911757549
43 45 0.0076237391103284374
44 45 3.0643909313523755e-06
45 45 0.00067085349184878296
46 45 0.0022625913952639947
47 45 0.094202893950760661
48 45 4.7796830360626735e-05
2 46 -0.12148458531041434
3 46 -0.18266629894409725
4 46 -0.050859408983416371
5 46 0.0095377923712180179
6 46 0.00094291201977951176
7 46 0.00010136912222116572
8 46 -1.4397685650620245e-05
22 46 0.00042670014916314708
34 46 -7.4410589432707518e-05
35 46 -3.8687941870425447e-07
36 46 2.5044620177059277e-05
37 46 -0.24244996072661226
38 46 1.4053580007590472e-06
39 46 -0.0061182255222910348
41 46 0.00053482991280331786
42 46 0.010454209609993083
43 46 0.058946661263593138
44 46 0.07112297005339982
45 46 0.0010455728642225178
46 46 0.019481127079233523
47 46 -0.00012528440426553552
48 46 0.026818700821123972
6 47 -0.18455264885898395
7 47 -0.18963342258245963
8 47 0.00029536809246930029
26 47 -0.075872196607555523
28 47 0.0241142529859204
29 47 -0.0075231809985350654
33 47 -0.0067801424914066856
35 47 -0.31343302960217034
38 47 0.00082249307217969938
39 47 -0.00055326854586602891
41 47 0.12844736049015656
44 47 0.032343813895895038
45 47 0.081437026010646299
47 47 0.062042167277774285
48 47 -0.021790687078233624
1 48 -0.31671777521991434
2 48 -0.31568930930636635
3 48 -0.033580473125871077
4 48 0.0043129893885473468
5 48 -0.000808825704220126
6 48 -7.9961006565546706e-05
7 48 -8.5963238111714025e-06
8 48 0.064391312670145279
35 48 0.0017302554188184068
37 48 0.00015000246535673529
39 48 3.7804184158842175e-06
41 48 1.514222007717246e-05
42 48 -0.14257328314383119
43 48 0.056130613754120533
44 48 9.5294161716172964e-05
45 48 -0.30846102955397209
46 48 0.063331585273443514
47 48 -0.0013673878915241948
48 48 0.14197670096504558


