# Created by Octave 5.2.0, Sun Feb 07 19:04:20 2021 -03 <kuroneko@kuroneko-VirtualBox>
# name: erSOR
# type: matrix
# rows: 1
# columns: 2
 0.010000005961526393 1.4183120045718506e-07


# name: kSOR
# type: scalar
1


# name: tol
# type: scalar
0.0001


# name: kmax
# type: scalar
50


# name: w
# type: scalar
1.8


# name: reSOR
# type: scalar
0.99992657319068012


# name: xSOR
# type: matrix
# rows: 1138
# columns: 1
 0.98999999635274039
 1.4183120045718506e-07
 1.2758493175579133e-16
 9.3293019167824904e-08
 -2.8801739622703933e-07
 4.2797666330271154e-07
 -1.3265801594625094e-08
 2.4125946695681863e-07
 -1.393834872794711e-07
 7.7780398907030559e-17
 1.306825052601097e-16
 0
 0
 0
 4.1255194969632235e-08
 0
 0
 0
 0
 -2.2623954026964222e-08
 -2.2894419591180734e-07
 0
 0
 0
 0
 -4.5752602841494872e-08
 8.7685896941360603e-08
 0
 0
 0
 5.331077696923706e-07
 5.331077696923706e-07
 0
 0
 3.9598534676538177e-07
 0
 2.0788330849912964e-07
 -2.6669785245439732e-08
 5.4819819413604695e-08
 4.0661398317732789e-08
 -1.0112234655975635e-08
 0
 8.6303321995500778e-08
 -3.0461547837170108e-07
 1.6842474024056817e-07
 0
 0
 -1.5706007324620866e-07
 -3.4631554849329471e-08
 -1.0112234655975635e-08
 0
 -1.1437500492959048e-08
 -5.6743025966961388e-07
 -2.9116795632269444e-07
 0
 0
 0
 0
 0
 0
 0
 0
 2.9921845336452354e-07
 -1.2522681711217113e-07
 -3.5643255935820376e-07
 -2.2624316619750293e-08
 1.7920386900199688e-07
 -1.3826802703446084e-07
 -2.0969581008215645e-07
 1.7737753517184398e-07
 0
 5.8878501253552673e-08
 0
 2.0784489774173835e-07
 -1.7746251967425057e-07
 -1.3569027337684139e-07
 -5.9641791702297918e-09
 2.6649408005485245e-07
 -5.3151776281162806e-08
 -1.521684156132683e-08
 2.3808985246674854e-08
 0
 0
 0
 0
 1.5864864259752182e-07
 -1.1279314948985294e-07
 0
 5.4371723794489555e-17
 0
 1.550253006187966e-08
 -1.0978312543417739e-16
 1.4701440696269136e-07
 1.8962035417415634e-07
 1.1753637487774213e-07
 3.4121860874986948e-08
 -8.2502600979302276e-08
 0
 -3.1907412294928542e-08
 -7.1183147336023105e-08
 7.5818106509789531e-08
 -1.2117009494653093e-07
 -2.5730893145556831e-07
 8.2633257427932403e-08
 -1.4259849639165156e-07
 0
 0
 1.8834015816116908e-07
 -3.8571429851596142e-08
 2.7426492920492645e-07
 1.6645205564342576e-07
 6.6278012234605778e-09
 -6.3443118912177284e-08
 5.1400781192311062e-07
 1.3042528428700261e-07
 -2.2929311233698147e-08
 0
 0
 -4.3796124799003721e-09
 0
 -1.4690284731761478e-07
 2.6197761662251707e-07
 4.4671175478794437e-07
 7.2644030058618846e-17
 1.3763272275809793e-07
 1.4858923700619795e-16
 5.8878501148963446e-08
 0
 -1.5463793086219885e-16
 -5.6037603411587687e-08
 -8.9221387477246715e-08
 -2.0789938465567422e-07
 -1.0883999612970165e-08
 0
 -3.6170800339483952e-07
 7.1178159162031533e-17
 3.3323768187243546e-07
 -2.7535819507578368e-07
 -8.8824175613914341e-08
 2.1963559817802218e-07
 0
 4.8397820993466802e-17
 -3.6873101013752974e-08
 8.2760052802887666e-08
 -2.1752123571002723e-07
 -6.2388141545073326e-17
 2.3181811864228613e-07
 0
 0
 0
 0
 0
 0
 0
 0
 0
 0
 0
 0
 8.3109662570513239e-17
 9.171610930540437e-08
 -6.8562245178303259e-08
 -1.3704421662608682e-07
 0
 8.4965954169144591e-08
 1.3476421689530111e-07
 0
 1.2925344357876744e-07
 6.9285011521789599e-17
 9.9053870431962556e-08
 0
 -7.9713628848753163e-17
 2.9096509720182595e-07
 0
 1.8644573085500382e-07
 1.1617062686644682e-08
 -3.6155851975602941e-07
 -1.1340876004362714e-07
 0
 -1.0529585507455867e-07
 0
 1.6259385383731112e-08
 2.5124447731954347e-08
 2.0818706019250154e-07
 0
 -7.9238612049927743e-08
 4.9291321002728445e-07
 0
 0
 0
 -1.7396856226279696e-07
 -3.637941837233041e-08
 1.2145404784201077e-07
 3.7975933379214451e-08
 2.7103113523346277e-07
 0
 9.7365591597779472e-17
 3.5812353248376083e-07
 0
 0
 -3.4742629499741066e-07
 1.4329590127960057e-07
 1.8138352091600828e-07
 0
 3.4811426538419858e-08
 -1.0585074103753376e-07
 1.1348826290235691e-08
 -1.6260400563868636e-07
 1.8358203809793838e-07
 -2.0034225129101444e-07
 1.1851663621005598e-07
 0
 1.4172832724101357e-07
 -1.0794968339602803e-16
 0
 -2.0252973145283438e-07
 -7.4567536907578261e-08
 6.8527351865438131e-08
 -1.3246419170650771e-07
 1.9823334435646935e-07
 -5.2642495299109368e-08
 -5.4834969169320736e-08
 0
 -1.0675018798128334e-07
 -1.340600280775025e-07
 3.0203669375804307e-07
 0
 -5.4697935374774968e-17
 0
 0
 3.2045848635348116e-07
 9.8443667250851694e-08
 0
 6.088434707115492e-17
 -7.2269317983934987e-08
 -1.1082309413970084e-07
 2.8349928842044188e-07
 -2.6574485101211947e-07
 1.3502560921605592e-07
 0
 -9.6952304201968625e-08
 -9.530108465690878e-08
 0
 4.219672789233623e-07
 3.7031369534167665e-17
 2.6512985623748649e-07
 0
 -5.6523675731927651e-17
 0
 3.1146715259589436e-07
 -2.3715643747332906e-07
 4.5104512354098305e-07
 1.5145112904051373e-07
 0
 7.6901409333802578e-08
 -1.1645119898017383e-07
 1.0799999139428135e-07
 3.0552005994513503e-07
 1.918072413363189e-07
 2.6179367420547283e-07
 8.3954341054965521e-08
 2.7308227969993627e-07
 0
 3.388056527712271e-07
 4.0291870380070799e-07
 0
 1.4133958477781751e-07
 3.7829327937162404e-08
 0
 -2.4080776756669749e-07
 0
 9.9209442422206379e-08
 7.721447248751161e-08
 0
 0
 9.411764703519807e-08
 9.4358965606964219e-08
 0
 4.9995412794638226e-08
 0
 0
 -2.760000308427218e-07
 9.3176455204894646e-08
 6.996610494267947e-08
 -7.6220935552334138e-08
 0
 0
 2.3534709377963161e-07
 -4.3658796943253907e-08
 0
 -1.0588008306122256e-08
 -2.1255385529657485e-08
 -1.2801589449408934e-07
 -1.2801589449408934e-07
 0
 0
 8.9993988403455345e-17
 1.3397313548146043e-07
 2.2959323662347643e-07
 2.4510805176119577e-07
 2.6012115132401564e-07
 0
 2.7999988792975909e-07
 -7.243322009211412e-08
 1.2377814833193283e-16
 0
 1.4484703051221941e-07
 0
 1.6856221184922268e-16
 1.6082742498685857e-07
 3.9891395673763872e-07
 7.721447248751161e-08
 0
 2.9247856271032263e-07
 5.9213712933635605e-08
 2.7764312075500907e-08
 -3.0461547837170108e-07
 2.9442072711391085e-07
 0
 0
 -1.7736712695124477e-07
 -1.8582680377095934e-07
 -1.3569073372286708e-07
 1.9270191595077435e-07
 8.4523708927175521e-08
 0
 1.1769489837544715e-07
 0
 4.9500000482574489e-08
 0
 0
 0
 0
 0
 3.3041696459174835e-08
 1.9562711545074419e-07
 1.9929686537347022e-07
 2.0959801723205445e-07
 2.0833767373065647e-07
 1.8424834134493812e-07
 -8.5067676007078475e-17
 1.4987807418097512e-07
 2.6411234814755636e-07
 3.5582528692404066e-07
 -3.7541229694059864e-08
 5.1696624688876885e-07
 0
 8.9833102001419305e-17
 1.1963751745955741e-07
 2.1181279968897401e-07
 0
 -1.3411513517997957e-07
 -1.173094147421308e-07
 6.9016279976131152e-08
 0
 -7.3553424739517864e-08
 8.4924495460523893e-17
 0
 0
 0
 7.851576910516305e-09
 0
 1.0345322751823582e-07
 0
 0
 7.1653118685449783e-08
 -1.9522886686251861e-07
 -2.3216068381510174e-07
 0
 7.4710422391091014e-08
 0
 -3.000000299246968e-07
 0
 0
 4.9167834424162917e-07
 0
 0
 0
 0
 0
 0
 0
 5.9335687001217e-08
 0
 0
 0
 0
 6.3803037442344157e-08
 -7.7634567682223283e-08
 0
 0
 4.8004731344504144e-07
 0
 -1.9838770193091327e-08
 -8.3979347842678462e-09
 5.1529992417565872e-08
 1.4482756328021884e-07
 -5.9110947888946174e-08
 0
 0
 -6.8705408052739504e-08
 0
 0
 0
 0
 -4.8153274649937899e-08
 9.9955819559496063e-08
 0
 -9.779922416148963e-08
 -3.6138088858467499e-07
 1.7544113652094263e-07
 4.4939233569025374e-07
 0
 2.5077119979590791e-07
 2.5077119979590791e-07
 1.6572649104986657e-07
 1.6572649104986657e-07
 -2.5472353061602851e-08
 0
 -2.2131792491736216e-07
 0
 0
 -9.885315501176383e-08
 -2.0449124119382269e-07
 3.1370706412577029e-17
 1.678462538000237e-08
 0
 1.9611720624190344e-07
 0
 0
 2.8634916280593935e-07
 2.8634916280593935e-07
 5.3111154073802014e-17
 0
 0
 0
 4.5601697931535237e-08
 0
 2.2706011654883364e-07
 0
 0
 0
 3.0146536764996701e-07
 -3.0977787422996995e-07
 1.0054734622141918e-07
 0
 2.3168527885904991e-07
 -3.9225794877248215e-07
 -1.9773053576859446e-07
 -5.4624759723977424e-08
 0
 4.2129476503627181e-08
 0
 -7.2581283145648931e-08
 0
 3.7888582937147285e-07
 0
 2.7952332955451961e-07
 0
 0
 0
 2.2312907293707131e-07
 0
 -1.6467467542965227e-16
 1.0790839012739812e-07
 -9.6610796690795144e-08
 0
 0
 0
 -1.6370903322240443e-16
 -4.9825948253139314e-17
 0
 -5.0019542005867514e-07
 2.8905280358102974e-08
 9.3904708047367795e-08
 0
 2.6228487730551605e-07
 3.2548281532472614e-07
 -6.7242204063025868e-08
 -1.3751774960021085e-07
 -1.1155638627792483e-07
 -1.8001378911338054e-07
 -1.5875000207966356e-08
 -1.7923588153506367e-07
 1.3952773062421014e-16
 2.3462326627981009e-07
 0
 0
 0
 0
 1.2028312725836827e-07
 -4.0093098884136711e-07
 0
 0
 0
 0
 0
 0
 1.1450594516091244e-07
 0
 4.3862977336324804e-08
 -8.2754671261774619e-08
 8.2294028272245063e-08
 5.1026031456395894e-08
 1.3674007559535301e-07
 1.1816792455847244e-07
 1.0145150043003352e-07
 3.7729541841597229e-08
 7.6737725856273167e-08
 2.9851276391345606e-07
 -3.3569900575377017e-08
 0
 3.7775192257043742e-08
 -3.5305112141962378e-08
 -1.0172305774158926e-07
 -2.3156957918486876e-08
 -1.0897155556559551e-07
 0
 -1.0747650769774656e-08
 3.3111876183168563e-07
 -1.921476921902201e-08
 -1.5355157093434314e-07
 7.2719369111271204e-08
 -3.1739827720860242e-07
 0
 -9.90378001633712e-17
 6.6783359762669978e-09
 1.2677253547545914e-16
 0
 -3.8209110592010465e-09
 4.8986421959114641e-08
 6.630380181785101e-08
 0
 -1.3496744686064945e-08
 0
 -8.5903395952025356e-08
 0
 -1.9828062370320306e-07
 0
 -1.1156466945454102e-16
 0
 3.8915381572956929e-08
 3.8907802393904658e-07
 -1.8166972439082427e-07
 0
 0
 0
 0
 0
 0
 -3.0475178313528845e-08
 5.6976096256543871e-08
 4.4124187735506748e-08
 8.5311760561579211e-08
 1.3621651476176136e-07
 2.2572104603170134e-07
 1.9882802799317125e-07
 -1.9359153930242734e-07
 -1.352965206429095e-08
 4.9880984023517701e-08
 1.9936919596298298e-07
 4.3176870580497715e-07
 1.2562668083539648e-07
 3.5260868720687809e-07
 0
 -3.1618501149161372e-07
 3.1655937932066004e-07
 -2.5601185949122537e-07
 0
 0
 0
 0
 0
 0
 0
 0
 -5.5728009088052166e-08
 4.349454288598563e-08
 1.1839653546130757e-08
 -1.1942644258362125e-07
 -2.8060395328125017e-08
 9.5513720576273778e-08
 2.0011026075202401e-07
 3.8274537907285211e-08
 9.0251078527577565e-08
 0
 -1.4964175032183549e-07
 1.999174340388797e-07
 0
 2.5467065993821128e-07
 0
 0
 0
 0
 1.0558387717845666e-07
 2.2652539937835595e-07
 -1.6241320017371708e-07
 0
 0
 -1.9642954651549926e-07
 4.1809026333140224e-08
 4.9033596829316342e-07
 1.0167133421317525e-07
 9.7402660693530063e-08
 3.1958969806361036e-07
 0
 9.679586322515378e-08
 8.0543798994731035e-17
 -4.9235835095167581e-08
 8.9094439752153195e-08
 2.066462604691112e-07
 0
 1.6303636319307592e-07
 0
 -5.1615700516825756e-08
 0
 0
 0
 0
 6.2637197250901089e-17
 -3.8612654600477318e-07
 -4.8128136340916181e-07
 3.8005266454198895e-07
 2.7085394831803551e-07
 1.1676691102427804e-07
 -5.2219176044639675e-17
 0
 1.6239784599827636e-07
 -6.2438622344067932e-08
 -1.4352777641239808e-07
 5.1080623409787732e-08
 -4.678747817810351e-07
 0
 -2.4080795882594527e-07
 2.6755151297290576e-07
 1.2438349323326157e-07
 0
 0
 -2.9947322668947733e-07
 0
 0
 2.2313359904226103e-07
 0
 0
 -9.3073356627158014e-08
 5.6759906122043991e-08
 7.5509652476486778e-08
 -1.1420805276490511e-07
 -7.9385859191039178e-17
 0
 2.7907602382719581e-07
 -4.1540852897053082e-09
 9.37672883291343e-08
 3.2473120369534967e-07
 -1.8146344824291396e-07
 0
 -3.1885721576448127e-07
 9.5296324339416924e-17
 -1.3678649324113459e-07
 0
 0
 1.1062240586109266e-07
 1.3020814061254096e-07
 0
 0
 3.2081965673566788e-08
 0
 -1.801628943380502e-07
 7.4999999952751744e-08
 1.4454491113116816e-07
 5.4121222820123151e-08
 -9.6781217816046528e-08
 1.7525801929300104e-07
 -5.8720147492281404e-08
 -5.025839507046788e-17
 1.1600995369084666e-07
 7.8264954776286199e-08
 1.9381089933489086e-16
 3.3372768820561041e-07
 -9.6567787720576636e-08
 1.2214284955752057e-07
 4.8137743265683587e-07
 0
 0
 0
 -3.0440214059957917e-08
 0
 9.8304251610259513e-08
 -1.0155483491414601e-07
 -2.5051773664749278e-07
 -4.6041781208036521e-07
 0
 2.772767553575193e-08
 1.010899089556821e-07
 0
 0
 7.5741005831237666e-17
 0
 7.3704188316261459e-08
 6.5177321371878303e-08
 0
 0
 0
 0
 0
 0
 6.3570138719414308e-07
 -1.2672748567179391e-07
 -7.2043903436920782e-08
 -2.5655564531451316e-08
 2.5837602187073169e-07
 0
 0
 3.0319597903343296e-07
 3.0181344597218517e-07
 2.1590094266257392e-08
 1.2982838978530232e-07
 0
 0
 0
 0
 0
 0
 2.2319848529719387e-07
 -1.0568135023015617e-07
 -6.6255543646196186e-08
 2.6341969690325171e-07
 2.6341969690325171e-07
 9.7588932387744717e-08
 9.7210371676804621e-08
 -4.6795075488290874e-08
 0
 2.4953586332915226e-07
 -6.7303582895717699e-08
 0
 0
 0
 0
 0
 -1.1127438829319448e-07
 -6.0250337186849213e-08
 5.146581850807222e-08
 -1.2279406223525477e-07
 2.7352932395853882e-07
 -1.037529998255631e-07
 0
 0
 0
 3.6534484898914276e-07
 -5.53192043122402e-08
 0
 -1.4045348211510145e-07
 0
 9.8304444964985303e-08
 -1.7433655494877008e-07
 -5.8098580596004093e-17
 -1.4101469615395381e-16
 0
 -1.1711796133092342e-07
 0
 1.4739148396174718e-07
 0
 0
 0
 0
 1.4172434028862547e-07
 0
 0
 0
 4.203453130341174e-07
 0
 -1.2171429216099097e-07
 9.529926834786017e-08
 0
 -2.2734783080475527e-08
 -1.1003067118709352e-07
 8.214844478847855e-08
 0
 5.6996435970199961e-08
 5.5654176842399286e-08
 0
 -1.6076736200720475e-07
 2.8206230406735846e-07
 -7.1040662185135348e-17
 1.5286210189898664e-07
 -3.6268314539189402e-07
 -1.5958821971652869e-07
 -2.3343110948824572e-07
 1.5828314697534975e-07
 -1.0450550260962714e-16
 0
 0
 4.4425259437187564e-07
 8.214844478847855e-08
 -8.6025676323304662e-08
 1.121103462824846e-07
 -2.514577563884237e-07
 9.2415035939262797e-08
 0
 0
 0
 -4.5020071421234141e-07
 2.2397597318457912e-07
 0
 7.3271130946965487e-08
 0
 0
 0
 -2.9655536115561251e-07
 1.2617560978434885e-07
 0
 0
 -9.9310351708098431e-08
 -3.3548153340629236e-07
 0
 1.0451363423900486e-16
 -1.4308577352776025e-07
 0
 2.0553620585513616e-07
 0
 3.6969222793502358e-07
 -3.7437619570300395e-07
 0
 0
 0
 0
 0
 3.1765670995567368e-07
 1.8339451723987759e-07
 2.7965738643056395e-08
 4.6367951953627518e-07
 0
 -1.1970619310089937e-07
 6.0754587115719988e-08
 4.0830854712293759e-08
 3.0669178476670427e-07
 0
 1.9418967595842724e-07
 0
 0
 0
 0
 0
 0
 0
 0
 0
 3.456535791182992e-07
 0
 0
 0
 3.3996248858653385e-07
 0
 0
 0
 0
 0
 -3.0748388096923158e-07
 0
 1.4063382265707456e-07
 0
 3.4410682638919068e-07
 -2.8384174128046907e-07
 1.1455348570047161e-07
 0
 -2.7835307814798797e-08
 0
 -1.0013028196048025e-07
 3.67290721620558e-08
 -5.066599172398717e-08
 -2.1164961825683649e-07
 0
 1.0434399708417888e-07
 4.5632088950883028e-08
 3.7199862223518116e-08
 3.2703532168869042e-07
 2.0125066873483789e-07
 1.7005706343065669e-07
 0
 0
 0
 -2.291074306894023e-07
 0
 -9.5865650005715587e-08
 -8.9458494248185549e-08
 -5.8175150208331007e-08
 -3.2514890169630168e-08
 2.8968940375251423e-07
 0
 3.9396215471756978e-17
 0
 1.6143796025032789e-07
 0
 2.401065633921109e-07
 -8.2300631772268236e-08
 0
 9.0660299659550137e-08
 1.6684282493556341e-07
 4.8008833572401076e-08
 0
 2.2375699987828336e-07
 0
 0
 -8.3455212802693634e-08
 0
 3.2588411147694219e-08
 1.7135584800019026e-07
 -3.0860925249138768e-07
 5.3109632835195932e-08
 0
 0
 2.5834252610355235e-07
 1.5405514747813474e-07
 1.8781106203893384e-07
 0
 0
 2.649134346976461e-08
 -3.4359538273643995e-08
 1.0169065912766543e-16
 0
 -2.9971769840075898e-07
 2.0829554446390826e-07
 0
 -8.9070881209669042e-17
 0
 -2.3579455685925881e-07
 5.0648554821260589e-08
 -8.4170736599598055e-08
 0
 1.0791689100144403e-07
 0
 0
 1.8673877277176233e-07
 0
 -7.5207128482999949e-17
 5.2960776176119587e-07
 -7.5071918708766193e-08
 0
 0
 0
 0
 0
 0
 0
 0
 0
 0
 9.0194504349298807e-08
 3.7205367758939771e-07
 -2.0292554377158659e-07
 3.7361040252844562e-08
 -1.815788966544983e-16
 0
 5.6791324151388186e-08
 -1.4464533114052173e-07
 0
 -1.3053892992107234e-07
 0
 0
 6.4466289047379747e-08
 -5.0099384414669926e-17
 9.310774561023511e-08
 9.1868110478731879e-08
 0
 -1.2851686388670976e-07
 2.2073382219972697e-07
 0
 2.5617408478431487e-08
 1.1414938728532421e-07
 0
 2.7164439939348125e-07
 0
 8.3552624184675834e-08
 0
 0
 -3.0481369410262561e-07
 0
 0
 3.9448991508544629e-07
 5.5936514351237475e-08
 9.3289673696192806e-08
 0
 -3.5360940640829499e-07
 0
 6.8080777046580563e-08
 0
 1.3342974071624164e-07
 0
 2.0435296191930564e-08
 0
 -1.0125579400060722e-08
 0
 -2.0406004655662606e-07
 0
 3.1284584261031682e-17
 0
 -5.2590735394302601e-08
 -1.2824039421758925e-07
 0
 0
 0
 0
 0
 0
 0
 -1.4396970875077428e-07
 0
 0
 2.1795816791210739e-07
 0
 0
 0
 1.3364560076129218e-07
 0
 0
 2.4377525977589312e-07
 0
 0
 1.6595397689211064e-08
 0
 8.4693600721047406e-08
 0
 1.2051664883786348e-07
 -3.634486919989598e-07
 1.6964247850032282e-07
 2.3692710278920983e-07
 1.5474961381104999e-07
 1.2805345055257984e-07
 -1.4390082976052224e-07
 5.3320782860778527e-08
 0
 1.5434790332817873e-07
 0
 2.2166539877156981e-07
 2.5643748793141708e-17
 -1.3405553508623452e-07
 0
 0
 -1.0849159367179531e-07
 1.7905583867663597e-07
 1.1700878266710618e-07
 0
 1.6677062030754083e-07
 1.9345390669759525e-07
 1.4440927441378334e-07
 -9.9782000432259711e-17
 3.7730082772912581e-07
 0
 0
 -1.441075220211751e-07
 -2.1553535745606009e-07
 -1.3739497303633917e-07
 3.631837930333768e-07
 2.5033976669486846e-07
 -2.466981693429947e-07
 2.6801086555589815e-08
 1.9762963013750496e-07
 -5.6357237326796123e-08
 2.3649783194562652e-07
 0
 -5.302252236854357e-08
 9.2775186087617043e-17
 6.6777160558444006e-08
 0
 8.8635038041832924e-08
 0
 0
 3.1129896924536794e-08
 2.0201946746808065e-07
 -2.8950902527124447e-07
 1.4380504409706583e-07
 1.9016739479144605e-07
 2.5692502869826355e-07
 2.8202782448626995e-07
 3.19389200102925e-07
 0
 1.7060920162260403e-07
 9.73363580562996e-08
 0
 -2.1424444669094611e-07
 0
 0
 0
 0
 1.2671659643965438e-16
 0
 1.983029230793356e-08
 2.5242055539836773e-07
 4.093750152997053e-07
 1.6160871798680082e-08
 -6.8213894164205824e-08
 5.4868028535503336e-08
 -2.0021169046279303e-07
 1.558268084970766e-07
 -1.2465106876502722e-07
 2.4231439323961154e-07
 0
 -1.2610579010897922e-07
 0
 1.8029257866194051e-08
 -7.6692056792891528e-08
 0
 0
 -7.6915845568777165e-17
 -3.1429019132147203e-07
 1.3131027958528127e-07
 0
 0
 0
 -9.3636027327824367e-08
 0
 1.035156501949044e-07
 2.1218977138679122e-08
 -1.3109845418556063e-07
 0
 0
 0
 0
 7.4606868420993015e-08
 0
 -3.1383930917345376e-07
 1.2641948453112041e-08
 -2.0638414956728604e-07
 4.7935887819100242e-17
 0
 0
 0
 0
 -2.7855931918609805e-07
 0
 0
 0
 0
 0
 -3.7645046362213945e-07
 2.1655924613071724e-07
 0
 0


