# Created by Octave 5.2.0, Sun Feb 07 18:57:29 2021 -03 <kuroneko@kuroneko-VirtualBox>
# name: BJ
# type: sparse matrix
# nnz: 258
# rows: 48
# columns: 48
2 1 0.13207322956745074
8 1 -0.18482210849341224
45 1 -0.045925349262705452
48 1 -0.18024721814424505
1 2 0.18490592451273483
3 2 0.096701731549847375
42 2 -0.078230722802334077
43 2 -0.18369542074999201
46 2 -0.16674030177602725
48 2 -0.21486964419842147
2 3 0.039524398685841601
4 3 -0.11676129247604947
46 3 -0.095223518912036773
3 4 -0.13157090862697235
5 4 -0.17048409548561935
37 4 0.031617485069436103
44 4 -0.0012218420304662006
46 4 -0.046980820883794384
4 5 -0.20826155096544705
6 5 0.089873286384471229
44 5 -0.15024227412698787
5 6 0.13056415797472851
7 6 0.097733134736511254
41 6 -0.17720290346270148
44 6 -0.13472385863023917
47 6 -0.16301764656489606
6 7 0.0491481670933221
8 7 -0.12912023750556431
47 7 -0.075422194052546451
1 8 -0.11034446534365466
7 8 -0.13396114326612385
35 8 0.024428131784031672
45 8 -0.010531142165452161
47 8 -0.012276577783114731
10 9 -0.14989014664034553
15 9 0.084931276029413083
18 9 -0.15631628341424147
23 9 -0.00054469359909494136
30 9 0.025708422172845316
31 9 -0.25282250130953599
9 10 -0.098646981730000596
11 10 -0.091539552914385799
21 10 -0.046614327552964067
23 10 0.033665571096568196
10 11 -0.20466341919138814
12 11 0.1113537538614944
21 11 -0.019268808050162099
24 11 0.025224563660188454
25 11 -0.28902846863803283
27 11 -0.24420154247007933
11 12 0.1085297473495118
13 12 -0.20721732454978736
27 12 -0.16674948332644648
34 12 0.010650201020352124
36 12 -0.052402086462720841
38 12 -0.33339428147373945
12 13 -0.099142565821522005
14 13 -0.11373850899240386
19 13 -0.095987277365894255
34 13 0.038336563657641272
13 14 -0.12215268801286883
15 14 0.02421517398794831
16 14 -0.08319877354733704
17 14 -0.1702900104219438
19 14 0.035846923348708641
9 15 0.078981026300852075
14 15 0.030558148868055145
16 15 -0.29893595664754319
18 15 -0.17153022382036404
14 16 -0.11165214481363867
15 16 -0.31789877432544666
17 16 0.024397188195781773
18 16 0.028419676669800307
20 16 -0.17010625435863447
14 17 -0.24559711061129325
16 17 0.026219458097019515
19 17 -0.2585715390834154
20 17 -0.16926247503012365
22 17 -0.081884724539593334
9 18 -0.17807692203988279
15 18 -0.21013043058454173
16 18 0.032738345779186662
20 18 -0.088517482361423344
31 18 0.061862596603319692
40 18 -0.183831418613709
13 19 -0.11673050505166535
14 19 0.040590750477475908
17 19 -0.20301205771818998
22 19 -0.035625521014681048
34 19 -0.11933017864106923
16 20 -0.21772577084545097
17 20 -0.20158875695594408
18 20 -0.098351504877896567
22 20 0.098064286852509244
40 20 0.033157869273911428
42 20 -0.059029670833530883
43 20 -0.15793280467749723
10 21 -0.076976411130720929
11 21 -0.014231859499160889
23 21 -0.23958011715536387
24 21 -0.34890269543526142
28 21 0.045784944880405722
17 22 -0.083242647978623255
19 22 -0.046127838678691226
20 22 0.083704392532168978
34 22 -0.15853284918235711
37 22 -0.076020215560725427
43 22 -0.24565505917961142
46 22 0.00047325096309970349
9 23 -0.00059413417687802976
10 23 0.055796573882291006
21 23 -0.24045515032457856
28 23 -0.096231283540901005
30 23 -0.31278742736646586
33 23 0.035866703038743689
11 24 0.01802733932622021
21 24 -0.33760237908241381
25 24 -0.098276098893322825
26 24 -0.11690560697715009
28 24 -0.0010809330746563007
11 25 -0.29268337534557615
24 25 -0.13925069474898621
26 25 -0.10422788914818729
27 25 0.026723812513268667
29 25 -0.21373786619181506
24 26 -0.16465987009918098
25 26 -0.10360647734372117
28 26 -0.28893388025140554
29 26 0.090141787888247671
35 26 0.0078266727966849834
41 26 -0.16365707553382833
47 26 -0.090833389886406629
11 27 -0.24568530969230842
12 27 -0.17212793306664415
25 27 0.026550442881459212
29 27 -0.22259284948150834
38 27 -0.069605617778787265
21 28 0.045601524141210555
23 28 -0.09549697840611604
24 28 -0.001112639040562767
26 28 -0.2111550786645883
33 28 -0.25560675277304445
35 28 0.012791053384928081
25 29 -0.25609913334856516
26 29 0.10865503141938286
27 29 -0.26845067161767133
38 29 -0.099388938649012409
39 29 0.045133716613307964
41 29 -0.21366966526915948
9 30 0.025770793887321234
23 30 -0.28745469001134727
31 30 -0.072910993859242448
32 30 -0.17967739125939239
33 30 0.02737985091612033
9 31 -0.28052511888097287
18 31 0.060253288742086644
30 31 -0.080704300038428101
32 31 -0.039804518103089777
40 31 -0.25118698074985912
30 32 -0.21602745246381785
31 32 -0.043235872181233988
33 32 -0.22339363720898794
40 32 0.060954343028658375
42 32 -0.18925475873157108
45 32 -0.02922844708221696
23 33 0.03392991664708149
28 33 -0.24366340391444147
30 33 0.028183978834065405
32 33 -0.19126104019270801
35 33 -0.062149600591397632
45 33 -0.051985856595580783
12 34 0.008262645110700113
13 34 0.062164205043146521
19 34 -0.15911341683114516
22 34 -0.16325778293178905
36 34 -0.30597575826474549
37 34 0.010633057316863483
8 35 0.045679541626157685
26 35 0.0056339132954896674
28 35 0.012599004500478919
33 35 -0.064217039149656194
45 35 -0.23508785641168842
47 35 -0.27024572943104619
12 36 -0.047738040163207505
34 36 -0.35928718835180995
37 36 -0.025003739626120968
38 36 0.051012879152325781
39 36 -0.27599772983029347
4 37 0.057006477181064712
22 37 -0.078121158529021822
34 37 0.010610677232873459
36 37 -0.021248838968191134
39 37 0.022911250200234684
44 37 -0.2692325952443913
46 37 -0.2742730216139293
12 38 -0.32610565481360099
27 38 -0.065956502631576402
29 38 -0.078090480249000171
36 38 0.054772682731062089
39 38 -0.19869138311543619
29 39 0.036778829152089569
36 39 -0.30734520930302339
37 39 0.030021990877516395
38 39 -0.20607048529528257
41 39 -0.10677863326122636
44 39 -0.14074421544078264
18 40 -0.18895420883885156
20 40 0.030674076052665516
31 40 -0.26508267568564381
32 40 0.059221175120975605
42 40 -0.1540857431056219
6 41 -0.22988764591107216
26 41 -0.15665023739326162
29 41 -0.16967406579502969
39 41 -0.10405432900913808
44 41 0.034737598646866964
47 41 0.088216008627579126
2 42 -0.081247103021605094
20 42 -0.064757335880545011
32 42 -0.21804840367097431
40 42 -0.18272425262571537
43 42 0.04883698867142551
45 42 0.090899096763929335
48 42 -0.14045776064760113
2 43 -0.13920161272808482
20 43 -0.12641725474894866
22 43 -0.23036810257351531
42 43 0.035633975099011519
46 43 0.035313284323957701
4 44 -0.0024878334714917554
5 44 -0.25042239578812997
6 44 -0.15457248215700012
37 44 -0.30404439520734183
39 44 -0.12129676497941075
41 44 0.03072151732486899
1 45 -0.063523962592384353
8 45 -0.02439854650449149
32 45 -0.03203541747344766
33 45 -0.066550931167527125
35 45 -0.29126425668217132
42 45 0.086472519087098576
48 45 -0.24325195179741951
2 46 -0.11044053210037667
3 46 -0.1543125020112289
4 46 -0.067564179505089569
22 46 0.00038790922651195186
37 46 -0.21876715334329408
43 46 0.030865980796861581
6 47 -0.16777513532634905
7 47 -0.15435711163259361
8 47 -0.024216996115140867
26 47 -0.068974724188686845
35 47 -0.28508233609870365
41 47 0.069983487862789268
1 48 -0.2879252501999221
2 48 -0.24516034175289381
42 48 -0.15430867843330773
45 48 -0.28091983345517352


# name: BGS
# type: sparse matrix
# nnz: 1140
# rows: 48
# columns: 48
1 2 0.18490592451273483
2 2 0.024421122616552146
3 2 0.002361564843411732
4 2 -0.00027573936338275319
5 2 4.7009175956089187e-05
6 2 4.2248691333996036e-06
7 2 4.1290970425867099e-07
8 2 -0.034174756156366455
35 2 -0.00083482544707486734
37 2 -8.7181852048100133e-06
39 2 -1.9974452251938647e-07
41 2 -7.2733063007232099e-07
42 2 -0.0019104820739373023
43 2 -0.0045793505856365282
44 2 -4.9449794335910921e-06
45 2 -0.008109373718512258
46 2 -0.004443228153930741
47 2 0.00064437303108080888
48 2 -0.036335173420609386
2 3 0.039524398685841601
3 3 0.0038220777913873941
4 3 -0.00044627074286639678
5 3 7.6082063939273073e-05
6 3 6.8377451211359415e-06
7 3 6.682742652179014e-07
8 3 -8.6287731843791883e-08
35 3 -2.1078480848253342e-09
37 3 -1.4109958549504458e-05
39 3 -3.2327679064263709e-07
41 3 -1.1771492347333137e-06
42 3 -0.0030920222775210112
43 3 -0.0074114561034251914
44 3 -8.003208603279818e-06
45 3 -0.00028106062796274845
46 3 -0.0071911485710769787
47 3 -1.267290280822029e-06
48 3 -0.0079899264114848979
3 4 -0.13157090862697235
4 4 0.015362389343533499
5 4 -0.0026190430517302266
6 4 -0.00023538200624141018
7 4 -2.3004621330542076e-05
8 4 2.9703621699251631e-06
35 4 7.256039853323417e-08
37 4 0.00048572011570003471
39 4 1.1128455098090432e-05
41 4 4.0522093703170585e-05
44 4 0.00027550183050630651
45 4 -4.8339374845918709e-08
46 4 0.011673687320026991
47 4 4.3625102062969794e-05
48 4 1.1758647279936812e-08
4 5 -0.20826155096544705
5 5 0.035505282140776452
6 5 0.0031909763899994541
7 5 0.00031186412546484296
8 5 -4.0267969949485624e-05
35 5 -9.8367127660146199e-07
37 5 -0.0065847064781876276
39 5 -0.00015086385761686288
41 5 -0.00054934124466398814
44 5 -0.0037348642344632809
45 5 6.5531688808217539e-07
46 5 0.011590305965102217
47 5 -0.00059140744408254099
48 5 -1.5940711207180028e-07
5 6 0.13056415797472851
6 6 0.011734229961210119
7 6 0.001146823077828156
8 6 -0.00014807806818603375
35 6 -3.6172705639732596e-06
41 6 -0.0020793396190254563
44 6 -0.021269368017163538
45 6 2.4098075705982131e-06
47 6 -0.0021800180631751064
48 6 -5.8619039500421313e-07
6 7 0.0491481670933221
7 7 0.0048034044365842174
8 7 -0.00062021672168703537
35 7 -1.5150735812030996e-05
41 7 -0.0087091979088066793
44 7 -0.0069239673369083602
45 7 1.0093344474587015e-05
47 7 -0.009130883951446022
48 7 -2.4552257436069907e-06
1 8 -0.11034446534365466
2 8 -0.014573549902830114
3 8 -0.0014092875104317821
4 8 0.00016455023118836892
5 8 -2.8053197326098628e-05
6 8 -2.5212330372885447e-06
7 8 -0.13396138967413199
8 8 0.037691223196691881
35 8 0.00092072616735014076
37 8 5.202664477770512e-06
39 8 1.1919954755807353e-07
41 8 4.3404184974000808e-07
42 8 0.0011400993426942854
43 8 0.0027327733999048432
44 8 2.9509660827411578e-06
45 8 0.0045578589396872531
46 8 0.0026515409732671621
47 8 0.0093925696744502005
48 8 0.021751852514449974
9 10 -0.098646981730000596
10 10 0.014786210557137275
11 10 -0.0013535231036983174
12 10 -0.00015071987853506843
13 10 3.1231769986505802e-05
14 10 -3.5522549514588793e-06
15 10 -0.0083783000532508482
16 10 0.0025048706847539933
17 10 6.1716715034745284e-05
18 10 0.016928448852394928
19 10 -1.9083375972989209e-05
20 10 -0.0019350041664718846
21 10 -0.00066316848530086981
22 10 -0.00019412860464005133
23 10 0.00071040058568062675
24 10 0.00019723924235441891
25 10 0.00037182280664085497
26 10 -6.1812679620487461e-05
27 10 0.00036560141453759323
28 10 -8.1079317783373618e-05
29 10 -0.00016642477938441544
30 10 -0.0027582626239864875
31 10 0.02618852213933014
32 10 -0.00054682407090195565
33 10 9.2840346660774995e-05
34 10 3.2645105199381131e-05
35 10 -7.2908679639906168e-06
36 10 -2.0905747103675889e-06
37 10 1.5157087831666586e-05
38 10 4.1235369241174949e-05
39 10 -1.4780219672252942e-05
40 10 -0.0097876884911349861
41 10 4.7254220937064066e-05
42 10 0.0017258549710583888
43 10 0.00043757486860495661
44 10 -3.5905351017100759e-07
45 10 0.00016974908600762934
46 10 1.1203153920495247e-05
47 10 1.1753559920878946e-05
48 10 -0.00028370152092457558
10 11 -0.20466341919138814
11 11 0.018734797890709198
12 11 0.0020861900729668768
13 11 -0.00043229472542252186
14 11 4.9168557514838258e-05
15 11 1.1906251749582517e-06
16 11 -4.4466843580110389e-06
17 11 -8.4814007667633853e-06
18 11 -3.3060153445408125e-07
19 11 4.5450384075190949e-05
20 11 2.2212557214558443e-06
21 11 0.0091792504358823024
22 11 -7.0687058925810131e-07
23 11 -0.0090892767844815234
24 11 -0.0027300881170996744
25 11 -0.005146587534811153
26 11 0.00085558056350038155
27 11 -0.0050604740999277819
28 11 0.0010506890771421319
29 11 0.0023035695491665847
30 11 0.0028430115020397191
31 11 -0.00020730724603633597
32 11 -0.00050257312497918832
33 11 -0.00040445274501710207
34 11 3.341091412577927e-07
35 11 4.5272345759313951e-05
36 11 -0.0001094229418791197
37 11 2.7932718040876965e-06
38 11 -0.00057781772632183655
39 11 0.00024904053936180236
40 11 2.1573293618379713e-05
41 11 -0.000658816955820402
42 11 9.1659098540409581e-05
43 11 4.299191547492123e-06
44 11 -5.8688774135503535e-05
45 11 3.3404004938780004e-05
46 11 -6.1463505160353236e-07
47 11 -0.00014806814326508996
48 11 -2.099982112317261e-05
11 12 0.1085297473495118
12 12 0.012085194773007714
13 12 -0.002504261727525733
14 12 0.00028483099501551841
15 12 6.8972321014612155e-06
16 12 -2.5759420130029252e-05
17 12 -4.913233053041178e-05
18 12 -1.9151581574016186e-06
19 12 0.00026329180220646735
20 12 1.2867623320762424e-05
21 12 -0.0020912388694103315
22 12 -4.0948659765914439e-06
23 12 0.00050101925333317769
24 12 0.0034672543993781823
25 12 -0.031708934914343595
26 12 0.0028996138731557895
27 12 -0.029365715322583648
28 12 -0.00098550553975491396
29 12 0.013575374717235458
30 12 -0.00015671252331115229
31 12 1.130758916828292e-05
32 12 2.7707604228473344e-05
33 12 0.00025939131162070004
34 12 1.9354775482180706e-06
35 12 -6.0323913623339341e-06
36 12 -0.00063388163062439243
37 12 1.6181283883851762e-05
38 12 -0.0033666942832012541
39 12 0.0014569608835403409
40 12 -3.7269115721559694e-07
41 12 -0.003530760390252611
42 12 -5.9459411284155936e-06
43 12 -1.3166771562988268e-06
44 12 -0.00033206548289108106
45 12 -1.3416868495597269e-05
46 12 -4.4865237184672285e-06
47 12 -0.00057322111850490517
48 12 4.0988330244030682e-06
12 13 -0.099142565821522005
13 13 0.020544057238536983
14 13 -0.0023366504389657986
15 13 -5.6582396928572599e-05
16 13 0.00021132096368605503
17 13 0.00040306386492468808
18 13 1.5711264670959031e-05
19 13 -0.0021599506934570764
20 13 -0.00010556132656583922
22 13 3.3592799060324181e-05
27 13 0.016531971626397007
29 13 -0.0036798986718671561
31 13 9.7193962846752696e-07
32 13 -3.8687588536446033e-08
33 13 8.6425611180014245e-09
34 13 -1.5877957602211706e-05
35 13 -5.3713172157053143e-10
36 13 0.0052001355764324207
37 13 -0.00013274539903275771
38 13 0.03253386150844155
39 13 -0.0080685524219753051
40 13 -6.6349094966171164e-06
41 13 0.0016478317174573607
42 13 7.2609171303915159e-06
43 13 8.7739566564885429e-06
44 13 0.0012285831855006941
45 13 6.6081856916674236e-07
46 13 3.673421674862641e-05
47 13 0.00014536528216157099
48 13 -1.1805975671163863e-06
13 14 -0.12215268801286883
14 14 0.013893464603997985
15 14 0.00033643266268121254
16 14 -0.0012564910352420595
17 14 -0.002396573080464837
18 14 -9.3417438890271406e-05
19 14 0.012842827495929974
20 14 0.00062765595132949464
22 14 -0.00019973906105544891
31 14 -5.7790453377841286e-06
32 14 2.3003211476640493e-07
33 14 -5.1387710792542534e-08
34 14 -0.0061837859968609703
35 14 3.1937257010627713e-09
36 14 0.0018920886093364503
37 14 -9.7877635399906272e-05
38 14 9.6520887573572464e-05
39 14 -0.00054363252845979454
40 14 3.9450436704079586e-05
41 14 5.8048338385281612e-05
42 14 -4.3172608731456781e-05
43 14 -5.2168974105467498e-05
44 14 0.00010488144338220923
45 14 -3.9291539920906033e-06
46 14 2.490841029107011e-05
47 14 5.1199296290809489e-06
48 14 7.0197023212241513e-06
9 15 0.078981026300852075
10 15 -0.011838477614039705
11 15 0.0010836889479761591
12 15 0.00012067283237535908
13 15 -2.5005501470666867e-05
14 15 0.030560992956509027
15 15 0.0074479991075303313
16 15 -0.0047691118706899849
17 15 -0.0053205847289048338
18 15 -0.013759114062887318
19 15 0.0024736695641543807
20 15 0.0029297532331327251
21 15 0.00053096127890464465
22 15 0.00063485300933577434
23 15 -0.00056877733467154473
24 15 -0.00015791824052551682
25 15 -0.00029769736849056486
26 15 4.9489896084140788e-05
27 15 -0.00029271625376492096
28 15 6.4915597193140165e-05
29 15 0.00013324685304260593
30 15 0.0022083839670431721
31 15 -0.020980370618127065
32 15 0.00043831687198138652
33 15 -7.4445009259489764e-05
34 15 -0.00039550192244794066
35 15 5.8444076841046414e-06
36 15 0.0001146904924203382
37 15 -5.5334748439469182e-05
38 15 -2.7249507638450335e-05
39 15 -2.1493935740657142e-05
40 15 0.0079232150993078388
41 15 -3.4275089067594039e-05
42 15 -0.0014767504091926439
43 15 -0.00069077904170461468
44 15 1.6732430764491506e-05
45 15 -0.00014455046153815683
46 15 -8.9164032519113252e-06
47 15 -9.0983727970296998e-06
48 15 0.00024258323741300185
14 16 -0.11165214481363867
15 16 -0.32060245043823654
16 16 0.1051289217377252
17 16 0.021578094992401799
18 16 0.057980740045458778
19 16 -0.0095818671095268936
20 16 -0.026667758000691669
22 16 -0.0040407120267647954
31 16 0.0035868391321941602
32 16 -0.00014277240317029326
33 16 3.1894446437279861e-05
34 16 0.0017839915042232697
35 16 -1.9822271071606678e-06
36 16 -0.00054585815324257876
37 16 0.00033979357834715165
38 16 -2.7845796005675398e-05
39 16 0.00016397342651657074
40 16 -0.012452597618533774
41 16 -1.7508858374599561e-05
42 16 0.0035199770910116835
43 16 0.0053762402488900891
44 16 -0.00011517003390897532
45 16 0.000322943691236409
46 16 9.4744218186403162e-05
47 16 -1.0088731909601086e-06
48 16 -0.00057296478294827796
14 17 -0.24559711061129325
15 17 -0.005947176764389852
16 17 0.048430661462063714
17 17 0.043004306487732576
18 17 0.002396504301151469
19 17 -0.019923590514495264
20 17 -0.015729506297696594
22 17 -0.0043541103158278478
31 17 0.00014825397884025391
32 17 -5.9011781846019753e-06
33 17 1.3182856584765676e-06
34 17 0.003067755129288714
35 17 -8.1930927139686302e-08
36 17 -0.00093865870185467636
37 17 0.00038708999868720712
38 17 -4.7883682922991604e-05
39 17 0.00027745046179590229
40 17 -0.00099970887072509443
41 17 -2.9625781108262549e-05
42 17 0.001083665289415498
43 17 0.0036067372225596262
44 17 -0.00014429592100259067
45 17 9.8627407033423733e-05
46 17 1.9136806545169483e-05
47 17 -2.5913266786774333e-06
48 17 -0.00017620050910443428
9 18 -0.17807692203988279
10 18 0.02669197595781941
11 18 -0.0024433715455803233
12 18 -0.00027207859367873056
13 18 5.6379398249375226e-05
14 18 -6.4125086947728833e-06
15 18 -0.22525488608479302
16 18 0.10007566415333641
17 18 0.0024426567983392641
18 18 0.069318461659630612
19 18 -0.0006372431014442907
20 18 -0.023572842224190135
21 18 -0.0011971476530266208
22 18 -0.0024889681233767344
23 18 0.0012824107488618982
24 18 0.00035605506187800107
25 18 0.00067121223366023366
26 18 -0.00011158386741098046
27 18 0.00065998141506727961
28 18 -0.00014636388360542919
29 18 -0.00030042898367695515
30 18 -0.0049791986500057851
31 18 0.049673111208633339
32 18 -0.0010825648303455096
33 18 0.00018891582076126654
34 18 0.00046988924193006791
35 18 -1.4486521474145647e-05
36 18 -0.00012951723110939063
37 18 0.00019744666762864889
38 18 6.80233040939565e-05
39 18 1.3195090777129886e-05
40 18 -0.026067762220862361
41 18 8.1045096037704557e-05
42 18 0.0056130481757852577
43 18 0.0046084770685037475
44 18 -5.2200899428660377e-05
45 18 0.00053544735264161121
46 18 0.0001074082603208887
47 18 2.1199936387558826e-05
48 18 -0.00091864479079273287
13 19 -0.11673050505166535
14 19 0.053867504075982592
15 19 0.0013044109834964334
16 19 -0.0048716456183910007
17 19 -0.21230401000366819
18 19 -0.00036219650127740599
19 19 0.068031402275282427
20 19 0.03679586030316135
22 19 0.018569161026139216
31 19 -2.2406416049657933e-05
32 19 8.9187659327397058e-07
33 19 -1.9923955611303346e-07
34 19 -0.015537067828813509
35 19 1.2382658834432385e-08
36 19 0.0047539661101319965
37 19 -0.0016957050875578382
38 19 0.00024251349867041578
39 19 -0.001399119920088419
40 19 0.0012923379861488229
41 19 0.00014939611283559763
42 19 -0.0023713471725610429
43 19 -0.010488691223993997
44 19 0.00065864677915981472
45 19 -0.00021557193764103663
46 19 0.00010348389609107465
47 19 1.317578241816286e-05
48 19 0.00038551240815987836
16 20 -0.21772577084545097
17 20 -0.2069006535623322
18 20 -0.10453920088800732
19 20 0.053498620428976768
20 20 0.081310578933858041
22 20 0.023009750734377898
31 20 -0.0064670664137681955
32 20 0.00025741846214072004
33 20 -5.7505646542359627e-05
34 20 -0.010031801275737315
35 20 3.5739529643577372e-06
36 20 0.0030694880021049659
37 20 -0.0019326236075724022
38 20 0.00015658342051089451
39 20 -0.00092256231973252088
40 20 0.023553808806887302
41 20 9.8509943599345092e-05
42 20 -0.0084777605116719383
43 20 -0.018908097753404511
44 20 0.00065359257826675754
45 20 -0.00077599542763727187
46 20 -0.00012675112880413552
47 20 7.7243085086570543e-06
48 20 0.0013795296591347407
10 21 -0.076976411130720929
11 21 -0.0071854732393007454
12 21 -0.00080012941846745026
13 21 0.00016580067738840222
14 21 -1.8857921836087437e-05
15 21 -4.5664785831198687e-07
16 21 1.7054644327895662e-06
17 21 3.2529242427315102e-06
18 21 1.2679765709506883e-07
19 21 -1.7431867714472716e-05
20 21 -8.5193198438931501e-07
21 21 0.0037266591468967168
22 21 2.7111046152687178e-07
23 21 -0.0034842882766915723
24 21 -0.0014814918484740583
25 21 0.0022224015662049472
26 21 -5.844152030760728e-05
27 21 0.0019475158583229125
28 21 0.00052440954549038766
29 21 -0.000913782496023951
30 21 0.0010898415662694938
31 21 -7.9453587713511104e-05
32 21 -0.00019265727774285494
33 21 -0.00018613444435105038
34 21 -1.2814295128874675e-07
35 21 1.7818529207464462e-05
36 21 4.196765960458471e-05
37 21 -1.0713208605425569e-06
38 21 0.00022416129168698548
39 21 -9.7388841385412592e-05
40 21 8.1628513704461431e-06
41 21 0.00021521101573557727
42 21 3.5253816862440417e-05
43 21 1.7896386059539867e-06
44 21 2.1471264458107111e-05
45 21 1.432305185352776e-05
46 21 3.5716072975525068e-07
47 21 1.9478116797475383e-05
48 21 -8.4357824898452949e-06
17 22 -0.083242647978623255
19 22 -0.024603659073479656
20 22 0.097794249157092075
22 22 0.017282942774903033
34 22 0.00019604487210128012
36 22 -5.998497839510426e-05
37 22 -0.001310268630128811
38 22 -3.0600064538243197e-06
39 22 -1.2856177638779527e-05
40 22 0.0032426489292911817
41 22 1.3727650772324157e-06
42 22 -0.0062724083070559312
43 22 -0.019996887914310403
44 22 0.00035462414295451996
45 22 -0.0005701562496459511
46 22 -0.00033860528288756414
47 22 1.2109985589677347e-07
48 22 0.0010197000452323612
9 23 -0.00059413417687802976
10 23 0.055885628741187292
11 23 -0.0051157454693076341
12 23 -0.00056965746180733759
13 23 0.00011804289514553916
14 23 -1.3426022891000291e-05
15 23 -5.0785687255207824e-05
16 23 1.629869664178819e-05
17 23 2.6839599473493584e-06
18 23 0.00010204733036940873
19 23 -1.2505893385284101e-05
20 23 -1.2259776706236795e-05
21 23 -0.24296164701074205
22 23 -9.7649261302731986e-07
23 23 0.06009052508383974
24 23 0.084640931082178558
25 23 -0.006839584434519163
26 23 -0.0091821239750124843
27 23 0.0011614832498219119
28 23 -0.014345038446730636
29 23 0.00037564724475080676
30 23 -0.018810835002320815
31 23 0.0015280400768863099
32 23 0.0033190588617252026
33 23 0.004565443225194755
34 23 1.0552913096839215e-07
35 23 -0.00053909410548055284
36 23 2.9818950211895118e-05
37 23 -6.7022999078851155e-07
38 23 7.3260750563243935e-05
39 23 -5.8472419377493079e-06
40 23 -0.00020067873456885131
41 23 0.0014230794963968675
42 23 -0.00059650226156668709
43 23 -2.6955272920034481e-05
44 23 5.0437777627271527e-05
45 23 -0.00026183645223539192
46 23 -7.6851533797478921e-07
47 23 0.0011052697199070772
48 23 0.00014747559993885738
11 24 0.01802733932622021
12 24 0.0020074119061095639
13 24 -0.00041597052445341276
14 24 4.7311867236119433e-05
15 24 1.1456650968173431e-06
16 24 -4.2787698199943679e-06
17 24 -8.1611283172652338e-06
18 24 -3.1811744530899745e-07
19 24 4.3734098494696189e-05
20 24 2.1373772407147523e-06
21 24 -0.33794974442354586
22 24 -6.8017792594391524e-07
23 24 0.080966039361618392
24 24 0.11836630851949091
25 24 -0.016842993320774664
26 24 -0.012082175502354339
27 24 -0.0051871479639282406
28 24 -0.019901472519800872
29 24 0.0036654985972765543
30 24 -0.025325159155972627
31 24 0.0018464628441342663
32 24 0.0044768609666680529
33 24 0.0062974343194542063
34 24 3.2149259877701948e-07
35 24 -0.00074050705947314153
36 24 -0.00010529094121193591
37 24 2.6877930008321022e-06
38 24 -0.00067788622078266347
39 24 0.00032924936718227893
40 24 -0.00019079395697459481
41 24 0.0011589708530472718
42 24 -0.00081799478215602436
43 24 -4.0118874743068444e-05
44 24 -6.8037210169646009e-06
45 24 -0.00035849998089626138
46 24 -2.1542402332287448e-06
47 24 0.0013998236112890317
48 24 0.00020209953539541064
11 25 -0.29268337534557615
12 25 -0.03259139253758267
13 25 0.006753501164989786
14 25 -0.0007681331529844007
15 25 -1.8600477945428577e-05
16 25 6.946808791806937e-05
17 25 0.00013250022864169241
18 25 5.1648047426459013e-06
19 25 -0.00071004618782018495
20 25 -3.4701448387856574e-05
21 25 0.0056396597790074523
22 25 1.1043047872919739e-05
23 25 -0.0013511503505709984
24 25 -0.14860119768090307
25 25 0.099197773770897085
26 25 0.0070331386440774177
27 25 0.079559272289257299
28 25 -0.0014832496446542873
29 25 -0.038277665926467863
30 25 0.00042262284214040108
31 25 -3.0494343215745161e-05
32 25 -7.4721957125844325e-05
33 25 0.00035893107703049759
34 25 -5.219602141832436e-06
35 25 1.3766326435680424e-05
36 25 0.0017094540414180691
37 25 -4.3637738962929709e-05
38 25 0.0092195923623958845
39 25 -0.0040322721146251843
40 25 1.0050747239282168e-06
41 25 0.0074583136688164686
42 25 1.6035033357871242e-05
43 25 3.5508192339645111e-06
44 25 0.00083835158373804248
45 25 -1.8254058852090077e-05
46 25 1.2099271743996009e-05
47 25 1.5378547443671911e-05
48 25 2.188090566639693e-06
24 26 -0.16465987009918098
25 26 -0.087424347666092361
26 26 0.028361717276117498
27 26 -0.00233631187612347
28 26 -0.0080166747235231386
29 26 0.021762515743996021
33 26 0.002049116194117493
35 26 -7.9155863156957076e-06
38 26 -0.0020003329106666958
39 26 0.0013796721310938614
41 26 -0.009438904665467894
44 26 -0.00052206575359138206
45 26 -0.00010466420239587569
47 26 -0.0034067142651956687
48 26 2.5459771516116911e-05
11 27 -0.24568530969230842
12 27 -0.19948591456950648
13 27 0.041336937502460584
14 27 -0.0047016016378420497
15 27 -0.00011385010168236797
16 27 0.0004252013790374484
17 27 0.00081100950997343329
18 27 3.1612819135345269e-05
19 27 -0.0043460620162383235
20 27 -0.00021240117802746514
21 27 0.0047340630732057203
22 27 6.7592463317544106e-05
23 27 -0.001134187385699508
24 27 -0.0078490321013087606
25 27 0.098331863963693034
26 27 -0.0093313267549557932
27 27 0.095888707071115672
28 27 0.0030305138503743285
29 27 -0.043202525799382038
30 27 0.00035475955452444672
31 27 -2.3910220623775952e-05
32 27 -6.2790536471628812e-05
33 27 -0.00079155909664244183
34 27 -3.1948223929115451e-05
35 27 1.4925304874725987e-05
36 27 0.010463253525408145
37 27 -0.00026709856771928793
38 27 0.064660684332127169
39 27 -0.017691365141313999
40 27 -1.0675619654184455e-05
41 27 0.012647266664217631
42 27 2.606634024170748e-05
43 27 1.8213684749404751e-05
44 27 0.0030012046208252661
45 27 4.1845796412128686e-05
46 27 7.393310446362781e-05
47 27 0.0019592539265534232
48 27 -1.384029143039644e-05
21 28 0.045601524141210555
23 28 -0.10642219690233042
24 28 -0.017023133729387272
25 28 0.0016729671738635232
26 28 -0.20933934872044707
27 28 4.4708061095181743e-05
28 28 0.072832639057804849
29 28 -0.019237751297686963
30 28 0.033287525183767402
31 28 -0.0024270265442630432
32 28 -0.005884409064482855
33 28 -0.020207580677844783
35 28 0.00054906865649400271
38 28 0.0019089077512585467
39 28 -0.0012475547366844382
40 28 0.00025095718121576343
41 28 0.038503601675754486
42 28 0.0010749834940212495
43 28 5.2498956719485167e-05
44 28 0.0015131087741052775
45 28 0.0011911361853780664
46 28 1.8539105853463294e-06
47 28 0.022263253278930091
48 28 -0.00044073597625310617
25 29 -0.25609913334856516
26 29 0.13534770350098393
27 29 -0.275294616842089
28 29 -0.039106537155656033
29 29 0.1282171794854432
33 29 0.0099958949745556497
35 29 -6.2132495594926447e-05
38 29 0.0064186824908400095
39 29 0.004511580941969801
41 29 -0.050028471604432044
44 29 -0.0023728478875860684
45 29 -0.00050503856748881665
47 29 -0.016690611763422392
48 29 0.00012285161727462743
9 30 0.025770793887321234
10 30 -0.0038627880748086998
11 30 0.00035359789337100937
12 30 3.9374452784378336e-05
13 30 -8.159068761590803e-06
14 30 9.2800031570983704e-07
15 30 0.0021887688808302969
16 30 -0.0006543789277594958
17 30 -1.6123035035336104e-05
18 30 -0.0044224319746668309
19 30 4.985390736233732e-06
20 30 0.00050550551745963152
21 30 0.00017324785865250854
22 30 5.0714661209858034e-05
23 30 -0.28764027690665761
24 30 -5.1527292290801849e-05
25 30 -9.7135956361781269e-05
26 30 1.6148105073124113e-05
27 30 -9.5510663719537079e-05
28 30 0.027683315151343899
29 30 4.3477241898768964e-05
30 30 0.090632788669595926
31 30 -0.013397146394714418
32 30 -0.015751396074518659
33 30 -0.011392476783529054
34 30 -8.528292125812869e-06
35 30 0.001062263029750423
36 30 5.4614717066953789e-07
37 30 -3.9596770179042555e-06
38 30 -1.0772435029897381e-05
39 30 3.8612230004714094e-06
40 30 0.0032348161835364987
41 30 -1.2344815489723859e-05
42 30 0.0024527477840179559
43 30 2.7490598488818125e-05
44 30 9.3800072165027802e-08
45 30 0.0010258639305196823
46 30 2.0808166632480697e-06
47 30 -0.0002896278447963173
48 30 -0.00059405086455401317
9 31 -0.28052511888097287
10 31 0.042047951205369381
11 31 -0.0038490506543054225
12 31 -0.00042860623915995014
13 31 8.8814638164071155e-05
14 31 -1.0101644521481303e-05
15 31 -0.023825600917943477
16 31 0.0071231692475430151
17 31 0.00017550550983355404
18 31 0.10839318155488753
19 31 -5.4267917979745232e-05
20 31 -0.010836093673221319
21 31 -0.0018858703521849769
22 31 -0.001075071695806927
23 31 0.0020201855673255111
24 31 0.00056089462585796695
25 31 0.0010573626806045637
26 31 -0.00017577840694962975
27 31 0.0010396707377922688
28 31 -0.00023056747262903738
29 31 -0.000473266695065588
30 31 -0.08854804687111438
31 31 0.084084672002390615
32 31 0.012563132214004707
33 31 -0.005099564123468449
34 31 0.00017575008478265905
35 31 0.00031261091253664152
36 31 -3.1315404253546098e-05
37 31 8.4378944997657245e-05
38 31 0.00011596793073703707
39 31 -3.3825905849614275e-05
40 31 -0.040640571527880698
41 31 0.00013350200033652188
42 31 0.0045241511506879488
43 31 0.0021964173851096655
44 31 -1.3319222859081277e-05
45 31 0.00023565458802055289
46 31 5.391106469391649e-05
47 31 -5.6738201901016818e-05
48 31 -0.00069277557794291344
30 32 -0.21602745246381785
31 32 -0.027485095921216774
32 32 0.039909280097272418
33 32 -0.014830278681570564
35 32 0.00092169589671872948
40 32 0.0093365422091466616
42 32 -0.0089916492202933521
43 32 -0.00043912507110889845
45 32 -0.0014295338457656853
46 32 -1.5506948489846679e-05
47 32 -0.00024908437992235524
48 32 0.0016106838121541271
23 33 0.03392991664708149
28 33 -0.2469285233438259
30 33 0.01757112749526616
31 33 -0.0012811283689073173
32 33 -0.19436717984519106
33 33 0.10823503837438771
35 33 -0.0098852403293151273
40 33 -0.011525720986857889
42 33 0.038560863010025578
43 33 0.0018831964299810097
45 33 0.0058834072242588149
46 33 6.6501850969781504e-05
47 33 0.0026714439833969623
48 33 -0.0068473227575471026
12 34 0.008262645110700113
13 34 0.060452041829602864
14 34 -0.0068757251032454591
15 34 -0.00016649687966839265
16 34 0.00062182379984116148
17 34 0.0011860380517594309
18 34 4.6231278371984031e-05
19 34 -0.16546919301277566
20 34 -0.00031062012995057846
22 34 -0.15749043585951752
27 34 -0.001377791803119033
29 34 0.00030668660344853097
31 34 2.8599869243818265e-06
32 34 -1.1384040130615648e-07
33 34 2.5431221309113112e-08
34 34 0.047118398258812408
35 34 -1.5805402469128202e-09
36 34 -0.014850067478962073
37 34 0.01284477673283217
38 34 -0.0034468425338505162
39 34 0.0050915746221932914
40 34 -1.9523593697585054e-05
41 34 -0.00060920100320672761
42 34 2.1365656305918967e-05
43 34 0.038738422883919918
44 34 -0.0041960044306186368
45 34 1.9444957401165733e-06
46 34 -0.0022295272853581098
47 34 -5.3740853820562629e-05
48 34 -3.4739746235407997e-06
8 35 0.045679541626157685
26 35 0.0056339132954896674
28 35 0.010971176071013106
29 35 0.00050785101726280807
33 35 -0.067021345839269178
35 35 0.0054656434324349143
38 35 -5.0474773597571769e-05
39 35 3.2950106473459777e-05
41 35 -0.0010340604979511866
44 35 -4.0558315438705077e-05
45 35 0.0017181979282835686
47 35 -0.0026408233748430559
48 35 -0.00041795499962926066
12 36 -0.047738040163207505
13 36 0.0098921489618701529
14 36 -0.0011251182736538672
15 36 -2.7244934753548432e-05
16 36 0.00010175295109805079
17 36 0.00019407888844385178
18 36 7.565115726651981e-06
19 36 -0.0010400357515502
20 36 -5.0828731388224366e-05
22 36 1.6175235908492008e-05
27 36 0.0079602935322320035
29 36 -0.0017719044200487427
31 36 4.6799770245530132e-07
32 36 -1.8628423019586465e-08
33 36 4.1614711738130579e-09
34 36 -0.35929483373168736
35 36 -2.586337713250962e-10
36 36 0.11243708209985193
37 36 -0.0066329797307879586
38 36 0.021273355431261607
39 36 -0.035491154312590617
40 36 -3.1947687999012523e-06
41 36 0.0041682991746824659
42 36 3.4961971250204056e-06
43 36 4.2247393113843238e-06
44 36 0.0069257857197069887
45 36 3.181901046646825e-07
46 36 0.0018194042374336304
47 36 0.0003677107858507916
48 36 -5.6846838296525642e-07
4 37 0.057006477181064712
5 37 -0.0097186976990354165
6 37 -0.00087345130158951163
7 37 -8.5365133744028866e-05
8 37 1.102236634372327e-05
22 37 -0.078121158529021822
34 37 0.022995447075905884
35 37 2.6925581761634737e-07
36 37 -0.028284888323878262
37 37 0.0086929286421524761
38 37 -0.001442893589903032
39 37 0.0082924213520531483
41 37 -0.00073067531172350863
43 37 0.019190857821626658
44 37 -0.0020247309179170412
45 37 -1.7937687995524854e-07
46 37 -0.0044217255938537176
47 37 8.4161059481163074e-05
48 37 4.3633776156445622e-08
12 38 -0.32610565481360099
13 38 0.067574741311030875
14 38 -0.0076858503222640515
15 38 -0.0001861142027989526
16 38 0.00069508954774017404
17 38 0.0013257817619889835
18 38 5.167843106558642e-05
19 38 -0.0071046389552085337
20 38 -0.00034721862640428586
22 38 0.00011049544304017451
27 38 -0.011578553181575933
29 38 -0.075513177103439993
31 38 3.1969619341028381e-06
32 38 -1.2725352918088534e-07
33 38 2.8427628731398056e-08
34 38 -5.2226727420925976e-05
35 38 -1.7667657714169286e-09
36 38 0.071877279563110907
37 38 -0.0018061560004144616
38 38 0.12069953432076866
39 38 -0.047269495029361897
40 38 -2.1823940989366743e-05
41 38 0.021182247349286382
42 38 2.3883042724718415e-05
43 38 2.8859822792171753e-05
44 38 0.0078750044664555041
45 38 2.1736039452423277e-06
46 38 0.0004964512909424397
47 38 0.0018686137923770675
48 38 -3.8832921006796968e-06
29 39 0.036778829152089569
36 39 -0.30734520930302339
37 39 0.037706770466264847
38 39 -0.22540445810968351
39 39 0.13213637808876438
41 39 -0.021967861970325502
44 39 -0.029512433308461754
46 39 -0.010341949871085328
47 39 -0.0019379171011037017
18 40 -0.18895420883885156
20 40 0.047399826900675256
22 40 0.0046482302219471019
31 40 -0.27677187368354111
32 40 0.070237946177438199
33 40 -0.01569071026666705
34 40 -0.00073689718074081427
35 40 0.00097517137606869945
36 40 0.00022547267364032386
37 40 -0.00036683259343225748
38 40 1.1502010252565631e-05
39 40 -7.291988971891364e-05
40 40 0.11011019669983381
41 40 7.7862861617449515e-06
42 40 -0.033057273219125438
43 40 -0.010242266551615043
44 40 0.00010929682070215059
45 40 -0.0044713783047360539
46 40 -0.00025887600760255894
47 40 -0.00026284902475874145
48 40 0.0057308220693259564
6 41 -0.22988764591107216
7 41 -0.022467640272086208
8 41 0.0029010270481213524
26 41 -0.15665023739326162
28 41 0.045261560932338907
29 41 -0.18379479826677672
33 41 -0.011569160615354436
35 41 0.00014277827303319179
38 41 0.018267169928944286
39 41 -0.11597920060789753
41 41 0.11802915161062437
44 41 0.051394801602849531
45 41 0.0005373161582619331
47 41 0.063737234578250271
48 41 -0.00013070320422950638
2 42 -0.081247103021605094
3 42 -0.0078567355455980495
4 42 0.00091736259694654798
5 42 -0.00015639573257277104
6 42 -1.4055798462821829e-05
7 42 -1.3737172449962134e-06
8 42 1.7737469693940053e-07
20 42 -0.064757335880545011
22 42 -0.0063503819615940557
32 42 -0.21804840367097431
33 42 0.048710625983672588
34 42 0.0010067441457677516
35 42 -0.0030273416165097346
36 42 -0.00030803930337988124
37 42 0.0005301690065672264
38 42 -1.5713971757484498e-05
39 42 0.00010028721397195536
40 42 -0.1981624650975812
41 42 -8.2178033434029533e-06
42 42 0.081979332534817956
43 42 0.030715655644211345
44 42 -0.0001328690598073591
45 42 0.012004489275008558
46 42 0.015188468335395089
47 42 0.00081979397598035586
48 42 0.0030227872047022004
2 43 -0.13920161272808482
3 43 -0.013461036985337075
4 43 0.0015717280764758616
5 43 -0.00026795463946733964
6 43 -2.4081964050895959e-05
7 43 -2.3536058373060348e-06
8 43 3.0389814470743774e-07
20 43 -0.12641725474894866
22 43 -0.24276512050632296
34 43 0.038486246235965638
35 43 7.4236639278360152e-09
36 43 -0.011775858374813293
37 43 0.019208417839323196
38 43 -0.00060072044018925398
39 43 0.0038095570204458198
40 43 -0.0041917268069323983
41 43 -0.0004025118980230113
42 43 0.054632072153431174
43 43 0.10784067635487396
44 43 -0.0056801054701108517
45 43 0.0049660010674809031
46 43 0.022843453986207331
47 43 -3.1410430890964103e-05
48 43 0.021028713032228134
4 44 -0.0024878334714917554
5 44 -0.24999825974902384
6 44 -0.17704064735104358
7 44 -0.017302737441398718
8 44 0.0022341335679298222
35 44 5.4575709220518575e-05
37 44 -0.30412305424498198
39 44 -0.12826460436687709
41 44 0.075789553216477207
44 44 0.16398003331723621
45 44 -3.6358064713277156e-05
46 44 0.083529629488940993
47 44 0.03680943561199132
48 44 8.8441702050815542e-06
1 45 -0.063523962592384353
2 45 -0.0083898148944981325
3 45 -0.00081130962768066934
4 45 9.4729560726257439e-05
5 45 -1.6149883476166052e-05
6 45 -1.4514431027293115e-06
7 45 -1.4185408432142376e-07
8 45 -0.012657895482077309
32 45 -0.03203541747344766
33 45 -0.059394422738625288
35 45 -0.28788212577055383
37 45 2.9951104718966846e-06
39 45 6.8621725398967909e-08
40 45 -0.0019526978257428048
41 45 2.4987259796441715e-07
42 45 0.093492598470815758
43 45 0.0061070675494407471
44 45 1.6988351746291185e-06
45 45 0.083250662314639803
46 45 0.0016865646872635353
47 45 0.07795458006002802
48 45 -0.020129913030752331
2 46 -0.11044053210037667
3 46 -0.16499229269862181
4 46 -0.048299466161011828
5 46 0.0082342908008983806
6 46 0.00074004277532215695
7 46 7.2326700271342105e-05
8 46 -9.3388407170294552e-06
22 46 0.00038790922651195186
34 46 -6.1496354903064059e-05
35 46 -2.281304317456764e-07
36 46 1.8816393821982923e-05
37 46 -0.22032487431099732
38 46 9.5987842412338432e-07
39 46 -0.0050533023222246905
41 46 0.00040844698694925179
42 46 0.0086398426528868453
43 46 0.051480052842660093
44 46 0.058766223569683751
45 46 0.00078550587268331811
46 46 0.098642465258789433
47 46 -8.9887206809394576e-05
48 46 0.02232570904944161
6 47 -0.16777513532634905
7 47 -0.17075430153888008
8 47 -0.0021691601453439208
26 47 -0.068974724188686845
28 47 0.019929134699107769
29 47 -0.0062175049574669959
33 47 -0.0050940214060155413
35 47 -0.2851036612044216
38 47 0.00061795121876761778
39 47 -0.00040340068914696014
41 47 0.11237349739525394
44 47 0.026563675377939643
45 47 0.067312069367849919
47 47 0.13348199795814927
48 47 -0.016373792253252785
1 48 -0.2879252501999221
2 48 -0.28318755942081381
3 48 -0.027384727349367987
4 48 0.003197476159416427
5 48 -0.00054511883087494158
6 48 -4.8991620800791774e-05
7 48 -4.7881046766838491e-06
8 48 0.053215570071655928
35 48 0.0012999569586727825
37 48 0.00010109615473022677
39 48 2.3162392953058643e-06
41 48 8.4341325849852754e-06
42 48 -0.13215471097118853
43 48 0.045566219756394299
44 48 5.7342026374972872e-05
45 48 -0.28057553446725148
46 48 0.051257594090964996
47 48 -0.00099552124818567023
48 48 0.19955883666399846


# name: BSOR
# type: sparse matrix
# nnz: 1199
# rows: 48
# columns: 48
1 1 -0.90000000000000013
2 1 -0.22584522256034079
3 1 -0.041495285759306659
4 1 0.0092055820741473466
5 1 -0.0029818701333263193
6 1 -0.00050918189006210176
7 1 -9.4551490306978622e-05
8 1 0.31606900169441637
35 1 0.014669852929853216
37 1 0.00055300897219116255
39 1 2.4073241157208062e-05
41 1 0.00016655020288932224
42 1 0.033569266504463985
43 1 0.081939694634109522
44 1 0.00068184060392361562
45 1 0.071453221094193137
46 1 0.083444629746446924
47 1 -0.014705774814718877
48 1 0.35844180095898953
1 2 0.35132125657419622
2 2 -0.81183974735424702
3 2 -0.14916198768927799
4 2 0.033091058294703692
5 2 -0.010718848369865478
6 2 -0.0018303424455876213
7 2 -0.00033988169921228399
8 2 -0.12328729460645667
35 2 -0.0057221887318921957
37 2 0.0019878864789728045
39 2 8.6535432529878041e-05
41 2 0.00059869353490238375
42 2 0.12067053944685534
43 2 0.29454641650551838
44 2 0.0024509940805912799
45 2 -0.0047920569943591534
46 2 0.29995616627810029
47 2 0.0065298634276879462
48 2 0.18113004371993977
2 3 0.075096357503099037
3 3 -0.88620229917309157
4 3 0.196600839108724
5 3 -0.063682900831612738
6 3 -0.010874444010043486
7 3 -0.0020193076530746327
8 3 0.0004953936191474204
35 3 2.2992927165653012e-05
37 3 0.011810445780801513
39 3 0.00051412494869447413
41 3 0.0035569624362728693
42 3 -0.011162200421850852
43 3 -0.027245971963360049
44 3 0.014561864072261631
45 3 -0.0019479870741870629
46 3 0.11101284255214293
47 3 0.0042303736249322543
48 3 -0.026779090740100316
3 4 -0.24998472639124747
4 4 -0.84454177446984424
5 4 0.27356378698859152
6 4 0.046713545487647737
7 4 0.0086743763468124045
8 4 -0.0021280713148148275
35 4 -9.8771132395816905e-05
37 4 -0.050734345195149209
39 4 -0.0022085358253711622
41 4 -0.015279707763562484
44 4 -0.062553662430583162
45 4 8.6698739155164297e-05
46 4 0.14705383129425281
47 4 -0.018172492366092738
48 4 -4.0070311283951253e-05
4 5 -0.39569694683434936
5 5 -0.77182593147179701
6 5 -0.13179641265843958
7 5 -0.024473665456658616
8 5 0.0060040864431514223
35 5 0.00027867036826443979
37 5 -0.023770790386257335
39 5 -0.0010347751993940628
41 5 0.044583877854078725
44 5 0.27035998826873608
45 5 -0.0002446096241117457
46 5 0.047708722388870146
47 5 0.051518483289066649
48 5 0.00011305336013786902
5 6 0.24807190015198419
6 6 -0.85763942984003161
7 6 -0.15925760090861096
8 6 0.039070420582383823
35 6 0.0018133930274036297
41 6 0.28875477447432407
44 6 0.16777808324354107
45 6 -0.0015917493831964966
47 6 0.33501750005966124
48 6 0.00073567267404628411
6 7 0.093381517477311993
7 7 -0.88265970998393117
8 7 0.21654153964046366
35 7 0.010050440007403294
41 7 -0.031440204450792118
44 7 -0.025978463569467529
45 7 -0.0088220156584272319
47 7 0.082082450666175963
48 7 0.0040773478026296592
1 8 -0.20965448415294388
2 8 -0.052610515149216719
3 8 -0.0096663030340515925
4 8 0.0021444350678699428
5 8 -0.00069462493845955488
6 8 -0.00011861362944554545
7 8 -0.25454819792110889
8 8 -0.76392939558197803
35 8 -0.035456599103047222
37 8 0.00012882312310743093
39 8 5.6078477296709709e-06
41 8 3.8797774302587767e-05
42 8 0.0078199413915401045
43 8 0.019087804900182193
44 8 0.00015883437787793037
45 8 0.050767517336311761
46 8 0.019438378672027468
47 8 0.072545373283302322
48 8 0.067728105042546213
9 9 -0.90000000000000013
10 9 0.25631215075499092
11 9 -0.04457912940460939
12 9 -0.009431701465853105
13 9 0.003713382693042137
14 9 -0.00080247376056713894
15 9 -0.14526940288958889
16 9 0.082636724238489501
17 9 0.0040902382585413623
18 9 0.3191073887723942
19 9 -0.0027413635321085063
20 9 -0.081692267267597332
21 9 -0.021068780540758485
22 9 -0.015671882973888794
23 9 0.026916882158873189
24 9 0.011830283941982317
25 9 0.022271806365783957
26 9 -0.0070383027909473638
27 9 0.024803001064445402
28 9 -0.002914719100067938
29 9 -0.020739914072648892
30 9 -0.059958000329646002
31 9 0.47814005445067054
32 9 -0.015692171000783586
33 9 0.0067912303228171806
34 9 0.0054217345031296422
35 9 -0.00097743803810540356
36 9 -0.002212889131001938
37 9 0.0024782840746683434
38 9 0.0063963107136225999
39 9 -0.0029249137012967615
40 9 -0.34661655941655684
41 9 0.011201785989413746
42 9 0.1162814360458268
43 9 0.042618142668187253
44 9 0.00025375065586975956
45 9 0.020720015249911003
46 9 0.0015539024488142137
47 9 0.0035941125925714823
48 9 -0.040608347099124732
9 10 -0.18742926528700113
10 10 -0.84662177988873477
11 10 0.14724882051533297
12 10 0.031153746940513542
13 10 -0.012265632572357245
14 10 0.0026506420451942953
15 10 -0.03012339972477485
16 10 0.016690430579164601
17 10 -8.39387426256915e-05
18 10 0.066385346951544258
19 10 0.0024587257949708558
20 10 -0.016532285183137395
21 10 0.069592051835859994
22 10 -0.0032336990020546195
23 10 -0.085638293653801822
24 10 -0.03907647771690808
25 10 -0.073565752896207967
26 10 0.023248138719586926
27 10 -0.081926513612051444
28 10 0.0090295890781875113
29 10 0.068505776707051061
30 10 0.041739334665316111
31 10 0.092054713544279437
32 10 -0.021211235726898005
33 10 0.00095320087077184912
34 10 0.00015355570364636545
35 10 0.0004526037071195973
36 10 -0.0031910607609798186
37 10 0.00062177065696398083
38 10 -0.022145330526528999
39 10 0.015935257692709426
40 10 -0.070618725672043151
41 10 -0.038273360238134935
42 10 0.030155966801983292
43 10 0.0092683734614580557
44 10 -0.0071054697028704308
45 10 0.0060898173498748678
46 10 0.00029493973459705254
47 10 -0.010659654634354287
48 10 -0.010862299094871969
10 11 -0.38886049646363752
11 11 -0.83236737961453966
12 11 -0.17610574139267562
13 11 0.069335105081569287
14 11 -0.014983535798337737
15 11 -0.00068937495999166058
16 11 0.0027601124534587474
17 11 0.0049758823554276032
18 11 0.00037371127489791063
19 11 -0.016110144043623709
20 11 -0.0025551628168589608
21 11 0.064913875857189079
22 11 -0.00015976473050783148
23 11 -0.054422240879113251
24 11 -0.082924987405601391
25 11 0.47258208534076174
26 11 -0.075167490714374299
27 11 0.46599425543120099
28 11 0.057032815742710602
29 11 -0.40187167459907658
30 11 0.032342926160582298
31 11 -0.0044365686675941502
32 11 -0.010705924528729089
33 11 -0.025180204611453812
34 11 0.0051874986504094455
35 11 0.0032416623814500701
36 11 0.014518012962569923
37 11 -0.00056183056291601223
38 11 0.12722216447963786
39 11 -0.090127869823206141
40 11 0.00058598292134906668
41 11 0.20480709644780531
42 11 0.0039647033426295384
43 11 0.0012091889115997882
44 11 0.03790641767472417
45 11 0.0023184646390131706
46 11 0.00037376759938528045
47 11 0.045635980610130321
48 11 -0.0021296043633270085
11 12 0.20620651996407241
12 12 -0.85637244686944203
13 12 0.33716489379103731
14 12 -0.072862401378312111
15 12 -0.0033523138804555505
16 12 0.013421960219529754
17 12 0.024196874641074298
18 12 0.0018172947478947616
19 12 -0.078340906803797156
20 12 -0.012425324786795013
21 12 -0.0075493723185712956
22 12 -0.00077690887364856298
23 12 0.0034364910586122672
24 12 0.014887385097469726
25 12 -0.11601899475514185
26 12 0.019668792653271462
27 12 0.16975216159370685
28 12 -0.012113294939198035
29 12 -0.021308471201198678
30 12 -0.0020422932750432683
31 12 0.0004965235882342145
32 12 0.00065966108681080114
33 12 0.0057308062469411036
34 12 0.025225928906414573
35 12 -0.00067861904257690618
36 12 0.070598642532135936
37 12 -0.0027320870409193385
38 12 0.53088515386755675
39 12 -0.23938422353199532
40 12 -0.0015781100167511161
41 12 0.051100798370467881
42 12 0.0016183878652406421
43 12 0.0042412848377846495
44 12 0.068784998213529416
45 12 -2.0057634420406212e-05
46 12 0.001707613205803373
47 12 0.0055189665872034561
48 12 -0.00042262854571052379
12 13 -0.18837087506089181
13 13 -0.82583595336888149
14 13 0.1784657650161442
15 13 0.0082110011464406399
16 13 -0.032875122879323926
17 13 -0.059266695334370817
18 13 -0.0044511969315822819
19 13 0.19188456049102559
20 13 0.030434010569262964
22 13 0.0019029243321754181
27 13 0.059680417571293207
29 13 -0.025240424990336827
31 13 -0.00052318894034277745
32 13 3.9568038929699841e-05
33 13 -1.6794571454091711e-05
34 13 -0.10804387084368808
35 13 1.9831742251534268e-06
36 13 0.081566681159584348
37 13 -0.0063326419497285067
38 13 0.12410277596301397
39 13 -0.092063842537765617
40 13 0.0037263310805548118
41 13 0.028924772432002338
42 13 -0.0045185278626961771
43 13 -0.010439859567503847
44 13 0.02976764969692915
45 13 -0.00078181153212123812
46 13 0.0026013045804377721
47 13 0.0048470748570897098
48 13 0.0015671950236742049
13 14 -0.23209010722445078
14 14 -0.84984459277956736
15 14 -0.039100355886061179
16 14 0.15654960722259487
17 14 0.28222488810261598
18 14 0.021196365831620451
19 14 -0.15420768631157766
20 14 -0.14492515870785985
22 14 -0.060473504735024136
31 14 0.0024913982349060579
32 14 -0.00018842092167231585
33 14 7.9974866535432063e-05
34 14 0.036273148123192087
35 14 -9.443771423802127e-06
36 14 -0.021087537603121941
37 14 0.010469324193790066
38 14 -0.0020438984139995514
39 14 0.012285557348554941
40 14 -0.017744592748247683
41 14 -0.002492486542809114
42 14 0.021516992186645913
43 14 0.073710280115293209
44 14 -0.0088053361561037519
45 14 0.0037229454236550018
46 14 -0.0005645284672756739
47 14 -0.00041291764338837974
48 14 -0.007462900330380373
9 15 0.15006394997161895
10 15 -0.042736904186683342
11 15 0.0074330224941684779
12 15 0.0015726204187989173
13 15 -0.00061916097186016765
14 15 0.058194285496259546
15 15 -0.87310681573955051
16 15 0.48670652327189662
17 15 0.0037322938053746396
18 15 0.26626374016533877
19 15 0.0022428601563912742
20 15 -0.20328585802697988
21 15 0.0035129604767015557
22 15 -0.038609146852168853
23 15 -0.0044880596196456768
24 15 -0.0019725545973552014
25 15 -0.0037135502625028757
26 15 0.0011735505754509234
27 15 -0.0041355959009788295
28 15 0.0004859936235710192
29 15 0.0034581260309040659
30 15 0.0099972604020736773
31 15 -0.042173705360912347
32 15 -0.00022339753551796392
33 15 7.3024474208392047e-05
34 15 0.011107759805702049
35 15 2.0639557201317967e-05
36 15 -0.0066141162586294457
37 15 0.0061152692321843304
38 15 -0.0017433384189934052
39 15 0.0046893024815079032
40 15 -0.085705766806194544
41 15 -0.0027201802134926324
42 15 0.047971604886009676
43 15 0.083472370708500443
44 15 -0.0045617376131312322
45 15 0.0082810678599517414
46 15 0.0023791009102160842
47 15 -0.00066906366365434232
48 15 -0.016629503222035102
14 16 -0.21213907514591349
15 16 -0.6137679419855202
16 16 -0.51785866623578092
17 16 0.044632652959203656
18 16 0.17206851555418451
19 16 -0.036376007176611616
20 16 0.12408005651563861
22 16 0.018637107542791104
31 16 0.020224749815135064
32 16 -0.0015295691982793102
33 16 0.00064922245047625642
34 16 0.0026337071831786935
35 16 -7.6662940384928773e-05
36 16 -0.0015311160495987755
37 16 -0.0025659669980750421
38 16 -0.00014840261221210063
39 16 0.00074723458813423342
40 16 -0.062112513820665599
41 16 -0.00015159850728832893
42 16 0.0048178797888825189
43 16 -0.045484708656921891
44 16 0.0011027729964643374
45 16 0.00088714798975772155
46 16 -0.0016978759065355011
47 16 1.3954392333779175e-05
48 16 -0.0016957672638892481
14 17 -0.46663451016145724
15 17 -0.021469308119447368
16 17 0.13577556787726971
17 17 -0.74272609840700432
18 17 0.014328532634882624
19 17 0.33310879584330877
20 17 0.19256701165548468
22 17 0.12888591905457025
31 17 0.0016841604451875661
32 17 -0.00012737067036505483
33 17 5.4062214920533639e-05
34 17 -0.11434690975599225
35 17 -6.3838956223551808e-06
36 17 0.066476026593858276
37 17 -0.024084289524584065
38 17 0.0064431536712026456
39 17 -0.038340542179005357
40 17 0.0063085212558017523
41 17 0.0077785063155003274
42 17 -0.023398718483903905
43 17 -0.12011201359667591
44 17 0.023086314671444841
45 17 -0.0040365675235791883
46 17 0.0046077214636056612
47 17 0.0013070366014571685
48 17 0.0081100256049964261
9 18 -0.33834615187577738
10 18 0.096358033207728094
11 18 -0.016759085431135443
12 18 -0.0035457554406805847
13 18 0.0013960097162587976
14 18 -0.00030168212096575039
15 18 -0.4538604219472786
16 18 0.32003342508374699
17 18 0.014932649389241137
18 18 -0.63431342553337156
19 18 -0.0076113461974626042
20 18 -0.0015568542024856358
21 18 -0.0079206009118676576
22 18 -0.002098112059645732
23 18 0.010119137221053899
24 18 0.0044474789415194652
25 18 0.0083728666435393811
26 18 -0.0026459807389484268
27 18 0.0093244444056954558
28 18 -0.0010957599903409063
29 18 -0.0077969667963500369
30 18 -0.022540620761891457
31 18 0.091094937455225955
32 18 0.00080569471277240623
33 18 -0.00029283211486453003
34 18 0.0023876125634766932
35 18 -3.1398926946424809e-05
36 18 -0.0010350185046106124
37 18 0.00040045518241245415
38 18 0.0023849443241192687
39 18 -0.0010087789505426581
40 18 0.17807249005020731
41 18 0.0041927771062205167
42 18 -0.052248124554504019
43 18 -0.0034016666608304852
44 18 0.00034164132225408513
45 18 -0.0090254786102488896
46 18 -0.00043880691600441005
47 18 0.0011755278860308899
48 18 0.018114827735541815
13 19 -0.22178795959816416
14 19 0.12505150639781337
15 19 0.0057534735712683558
16 19 -0.023035698968375162
17 19 -0.42725126402492186
18 19 -0.0031189672793397417
19 19 -0.64113155296109792
20 19 0.14537319141479205
22 19 0.13695564043919584
31 19 -0.00036660008777942118
32 19 2.7725445678159521e-05
33 19 -1.1768007491240114e-05
34 19 0.087954394587918788
35 19 1.3896162341405821e-06
36 19 -0.051132633895834639
37 19 -0.015575565637865347
38 19 -0.0049560034599698266
39 19 0.028006665715047625
40 19 0.010426068762709139
41 19 -0.0056819756257879836
42 19 -0.019366865989205898
43 19 -0.10934283631238527
44 19 0.00010316159648107726
45 19 -0.0033458162275570975
46 19 0.00090348262698235334
47 19 -0.00095307182249016018
48 19 0.0067147956150981026
16 20 -0.41367896460635684
17 20 -0.40219458496535493
18 20 -0.20920544186450332
19 20 0.19759253840646387
20 20 -0.60176807874562543
22 20 -0.062923633459774378
31 20 -0.024589784528837734
32 20 0.0018596905945154774
33 20 -0.00078934178738509966
34 20 -0.025846251024512545
35 20 9.3208825950559309e-05
36 20 0.015025819885499746
37 20 0.0078525894633587855
38 20 0.0014563696345688631
39 20 -0.0080874405014495672
40 20 0.0471108340635343
41 20 0.0016407751023199166
42 20 0.053031106029720193
43 20 0.21486398684815369
44 20 -0.0017459403721349041
45 20 0.0090919676208468282
46 20 0.010267639802724316
47 20 0.00022715135250512587
48 20 -0.018354511607394861
10 21 -0.14625518114836977
11 21 -0.0016030786503105666
12 21 -0.00033916676834986996
13 21 0.00013353433759594928
14 21 -2.8857193269157919e-05
15 21 -1.3276857160513669e-06
16 21 5.3157745665682594e-06
17 21 9.5831852206136874e-06
18 21 7.1974056269073635e-07
19 21 -3.1026958290605693e-05
20 21 -4.9210565671985732e-06
21 21 -0.88698789496317632
22 21 -3.0769517742072826e-07
23 21 0.39440370922380336
24 21 0.58792085778210401
25 21 -0.10889894268752777
26 21 -0.10902378183283101
27 21 -0.0046781130530898808
28 21 -0.090629061073559933
29 21 0.027530132723171313
30 21 -0.23439259094861978
31 21 0.032470698440220977
32 21 0.077562880659758845
33 21 0.02577667775947183
34 21 9.9907427160796417e-06
35 21 -0.0068676352210892853
36 21 2.7960630360124934e-05
37 21 -1.0820445425428829e-06
38 21 -0.0043625237086803341
39 21 0.0039930233117465063
40 21 -0.0065145637301137612
41 21 0.021914200017348867
42 21 -0.025982599529743401
43 21 -0.0024093123579166618
44 21 0.00037913183923517522
45 21 -0.0082732885837723206
46 21 -0.0001610897943912249
47 21 0.026015050856427413
48 21 0.010757707548920484
17 22 -0.15816103115938418
19 22 -0.0099406051146995467
20 22 0.20990272822709338
22 22 -0.83561076119021327
34 22 0.25395014102981428
36 22 -0.14763491522976929
37 22 0.1328385029941474
38 22 -0.014309435969632158
39 22 0.088603762574687786
40 22 0.013223861723303513
41 22 -0.017975878472101987
42 22 -0.027413385277866589
43 22 0.32448712473068836
44 22 -0.092832785538731519
45 22 -0.0047345187258993754
46 22 -0.048204453700083721
47 22 -0.0030129444757281999
48 22 0.0095039968947114722
9 23 -0.0011288549360682566
10 23 0.10633497841696853
11 23 -0.018494327128555307
12 23 -0.0039128842267235021
13 23 0.0015405530613959446
14 23 -0.00033291839563103013
15 23 -0.00019747985738810788
16 23 0.00016479124136008821
17 23 0.00011535492798127267
18 23 0.00040852942350502351
19 23 -0.00036030668141128722
20 23 -0.00015906662720275558
21 23 -0.4656054883788362
22 23 -2.319605235967547e-05
23 23 -0.68125250579102214
24 23 0.30777054728835918
25 23 -0.047312093217280866
26 23 -0.058992839763110122
27 23 0.0074184647396144743
28 23 0.11580962110803086
29 23 0.0059724003310877068
30 23 0.40481057542872134
31 23 -0.055488490643545205
32 23 -0.13400056948213285
33 23 -0.024733201933249675
34 23 0.00012171267731680807
35 23 0.0048578592254710905
36 23 0.00031882412078638387
37 23 -9.3370722032584281e-06
38 23 0.00040059601964238844
39 23 0.00019333067963520491
40 23 0.010810420308043819
41 23 0.015879879408687968
42 23 0.045037416557716078
43 23 0.0042375925499587132
44 23 0.0010011718389485516
45 23 0.015493059831460959
46 23 0.00028916715603395827
47 23 0.010348470619162728
48 23 -0.019179686264897435
11 24 0.034251944719818399
12 24 0.007246756981055525
13 24 -0.0028531418272259579
14 24 0.00061657298500783215
15 24 2.8367802005643274e-05
16 24 -0.00011357871715267293
17 24 -0.0002047577206225357
18 24 -1.5378231106201915e-05
19 24 0.00066293295091170591
20 24 0.00010514503294653115
21 24 -0.64269850913807292
22 24 6.57432385212533e-06
23 24 0.29255778981826669
24 24 -0.4723038581539209
25 24 0.06938114772863907
26 24 0.091168685417328726
27 24 -0.014665419670243911
28 24 -0.15847960916505857
29 24 -0.006359019965227114
30 24 -0.1738659570232223
31 24 0.024083997936333749
32 24 0.057534146344307431
33 24 0.063437875355477569
34 24 -0.00021346573803773935
35 24 -0.0099868033451047979
36 24 -0.0005974167051883176
37 24 2.3119345921286936e-05
38 24 -0.0015080137389922267
39 24 0.00033827310824190507
40 24 -0.0048190027685101715
41 24 -0.025835803105999366
42 24 -0.019289328274650009
43 24 -0.0018244817873597468
44 24 -0.0018074856251110308
45 24 -0.0083317135017576729
46 24 -0.00013445605675284402
47 24 -0.014936662323624745
48 24 0.0089984787074491989
11 25 -0.5560984131565947
12 25 -0.11765492706067344
13 25 0.046322264490664941
14 25 -0.010010388063008011
15 25 -0.00046056624840197768
16 25 0.0018440104611174906
17 25 0.0033243497398811974
18 25 0.00024967370423105163
19 25 -0.010763066595103768
20 25 -0.0017070851436657888
21 25 0.020359171802216903
22 25 -0.00010673762005779129
23 25 -0.0092675402545664819
24 25 -0.30472466853405433
25 25 -0.53771669358912111
26 25 0.17417128671000029
27 25 0.26799338205775786
28 25 -0.091524192956570466
29 25 0.13485652673055298
30 25 0.0055076631410579235
31 25 -0.00073363508663738146
32 25 -0.00182476105266399
33 25 0.044878464838577076
34 25 0.0034657290018748335
35 25 -0.0049337068795380565
36 25 0.0096993757424885287
37 25 -0.00037535479182900595
38 25 0.01456004384574433
39 25 0.00096522940769103865
40 25 -5.595254147077838e-05
41 25 -0.10910213863270238
42 25 0.00086399626404140616
43 25 0.00064223867771776022
44 25 -0.0072670041271737304
45 25 -0.0019785069568612921
46 25 0.00023859959893353421
47 25 -0.045812439724273638
48 25 0.00068384932704765246
24 26 -0.31285375318844383
25 26 -0.13843481881683026
26 26 -0.80309405896321739
27 26 -0.0070290616724016505
28 26 0.44152058760164603
29 26 -0.07835401007294919
33 26 -0.21442572299067619
35 26 0.024108020842717549
38 26 0.015725889752298605
39 26 -0.012655912296332297
41 26 0.28409803426284641
44 26 0.022135246881100402
45 26 0.010411243692753067
47 26 0.17383985540047719
48 26 -0.0048118551629114381
11 27 -0.46680208841538601
12 27 -0.42580538605195695
13 27 0.16764508046549412
14 27 -0.036228632834908056
15 27 -0.0016668370301413122
16 27 0.0066736651485497581
17 27 0.012031166562466729
18 27 0.00090359503569536744
19 27 -0.038952654522217252
20 27 -0.0061781182206447158
21 27 0.017089967694272651
22 27 -0.0003862945194937491
23 27 -0.0077793912785129281
24 27 -0.033701468099814572
25 27 0.31308501048354059
26 27 -0.054515368446574522
27 27 -0.53260945780229418
28 27 0.032905815013158937
29 27 0.088773361831272157
30 27 0.0046232619905180435
31 27 -0.00053425699368725617
32 27 -0.0015379166416373158
33 27 -0.015617666784320399
34 27 0.012542832777702203
35 27 0.0018332298923916534
36 27 0.035103046983858924
37 27 -0.0013584479293313411
38 27 0.32680248587743577
39 27 -0.13422673725513148
40 27 -0.00062796271274446038
41 27 0.008143777749499953
42 27 0.0014297698153536269
43 27 0.0021668519477216989
44 27 0.037126514084138515
45 27 0.0010561024601291871
46 27 0.00085295077959990752
47 27 0.0098321289977076586
48 27 -0.00086967037733811292
21 28 0.086642895868300054
23 28 -0.22088429774295437
24 28 -0.059550900003725732
25 28 0.011119617262109806
26 28 -0.39016921569906698
27 28 0.00056460127717066389
28 28 -0.63776124820522129
29 28 -0.071578529295732329
30 28 0.13127067934966763
31 28 -0.018185043822328183
32 28 -0.043438799985893742
33 28 0.31994444534646843
35 28 -0.059081990453036193
38 28 0.013442147808521453
39 28 -0.011212743594201583
40 28 0.0036481192011379865
41 28 0.15265624980804288
42 28 0.014551865260460711
43 28 0.0013502716298591374
44 28 0.013073976640057217
45 28 -0.00028638223306157694
46 28 9.0596799361600063e-05
47 28 0.12326016898045122
48 28 -0.0037510928040974407
25 29 -0.4865883533622738
26 29 0.30280510591140736
27 29 -0.53476291833372325
28 29 -0.1662322430007494
29 29 -0.42436891162002111
33 29 0.0807311592952423
35 29 -0.0090701027982427445
38 29 0.15086015013297718
39 29 -0.09334312035861117
41 29 0.097062670442837395
44 29 0.031367533829096975
45 29 -0.0039227541467253303
47 29 -0.03133323501734539
48 29 0.0018130134449634793
9 30 0.048964508385910349
10 30 -0.013944664950059409
11 30 0.002425327950631754
12 30 0.00051313180613129692
13 30 -0.00020202662001506227
14 30 4.3658592420847426e-05
15 30 0.007903383217781626
16 30 -0.0044958517521774214
17 30 -0.00022252945056746651
18 30 -0.017361040459502052
19 30 0.00014914390850750639
20 30 0.0044444685618758879
21 30 0.0011462472016320817
22 30 0.00085262893921998143
23 30 -0.5476283242462161
24 30 -0.00064362670809432624
25 30 -0.0012116978328519999
26 30 0.00038291892892213149
27 30 -0.0013494075040175334
28 30 0.10001887826431159
29 30 0.0011283552183703075
30 30 -0.5721548956005984
31 30 0.053699801748026771
32 30 0.1912650281832883
33 30 -0.19684005553643785
34 30 -0.00029496951616074534
35 30 0.025680161786591618
36 30 0.00012039225379114917
37 30 -0.00013483106817418464
38 30 -0.00034799134397340219
39 30 0.00015912995717245481
40 30 0.0028663720590121032
41 30 -0.00060943327112869148
42 30 -0.070113494760407624
43 30 -0.008237472699544026
44 30 -1.3805306796961211e-05
45 30 -0.014758873935203646
46 30 -0.0004816655488544738
47 30 -0.01335414553308902
48 30 0.025532407776959573
9 31 -0.53299772587384853
10 31 0.1517931038513835
11 31 -0.026400638437880902
12 31 -0.0055856393693563865
13 31 0.0021991383674341844
14 31 -0.00047524076606191132
15 31 -0.086031401532447496
16 31 0.048939095658643593
17 31 0.002422319655649729
18 31 0.30346292919355145
19 31 -0.0016234894760081494
20 31 -0.067633594257646798
21 31 -0.012477346794621626
22 31 -0.012868611664161034
23 31 0.015940707753659748
24 31 0.0070061271527983131
25 31 0.013189802382295055
26 31 -0.0041682215350961165
27 31 0.014688825735773379
28 31 -0.0017261540576636457
29 31 -0.012282585595045428
30 31 -0.18884647876595204
31 31 -0.58213796579915877
32 31 0.10849601131754026
33 31 -0.053950404545606553
34 31 0.0042914315557540522
35 31 0.006266757572959354
36 31 -0.0019387122475479719
37 31 0.0020375233805935387
38 31 0.0037271336451032795
39 31 -0.0013549768099513787
40 31 0.18013933146032779
41 31 0.0065573891953016172
42 31 -0.084166010740118355
43 31 0.018491537728987952
44 31 -0.00024714175051378923
45 31 -0.018031693291804707
46 31 0.00016733138945113849
47 31 -0.0013993197478475688
48 31 0.030795226559421497
30 32 -0.41045215968125393
31 32 -0.025287854845682446
32 32 -0.75796446608782164
33 32 0.30036400802708391
35 32 -0.035468255948737773
40 32 -0.075713567706134299
42 32 0.29471805064949136
43 32 0.027346969991584247
45 32 0.079167689319867618
46 32 0.0018348515207519524
47 32 0.018211774930976001
48 32 -0.11524095148970639
23 33 0.064466841629454832
28 33 -0.47474754857751666
30 33 0.015237166451658998
31 33 -0.0021108182042194118
32 33 -0.36843810937805965
33 33 -0.50786885524370351
35 33 0.048433518009176738
40 33 -0.041662616419238692
42 33 0.14468173334623313
43 33 0.013425058327545166
45 33 0.073978738605170485
46 33 0.00090075751339400544
47 33 -0.024869007666273202
48 33 -0.072802575176323769
12 34 0.015699025710330213
13 34 0.11193108038108578
14 34 -0.02418866096566185
15 34 -0.0011128920042560917
16 34 0.0044557856878629041
17 34 0.0080328123428523406
18 34 0.00060330054596016399
19 34 -0.32832289220992916
20 34 -0.0041249253794904449
22 34 -0.28998442452205164
27 34 -0.0049738284092597099
29 34 0.0021035634130534739
31 34 7.0911302780062713e-05
32 34 -5.3629214469231058e-06
33 34 2.2762808033790583e-06
34 34 -0.72974263934795447
35 34 -2.6879289125136091e-07
36 34 0.42267570184891234
37 34 0.0070619389151746967
38 34 0.031283641676649578
39 34 -0.2329715109565996
40 34 -0.00050505462011268658
41 34 0.046411132492976986
42 34 0.00061242635821367401
43 34 0.13664327101498164
44 34 0.061750569394542335
45 34 0.00010596415557804362
46 34 0.0052272571000613784
47 34 0.007779127258639564
48 34 -0.00021241244275224726
8 35 0.086791129089699603
26 35 0.010704435261430367
28 35 0.018061647920538364
29 35 0.0018333421723187371
33 35 -0.13078406481627453
35 35 -0.87993005272226799
38 35 -0.00034620647210574485
39 35 0.00028791419880904622
41 35 -0.0041312255998052494
44 35 -0.00034965911817954172
45 35 0.40421698543156004
47 35 0.44725065299617756
48 35 -0.18682048424620251
12 36 -0.090702276310094254
13 36 0.035710657752351251
14 36 -0.0077171862389918732
15 36 -0.00035505871420171855
16 36 0.0014215804687612511
17 36 0.0025628003534658647
18 36 0.00019247790019750983
19 36 -0.0082974395092660531
20 36 -0.001316022305685369
22 36 -8.2285930126590293e-05
27 36 0.028736659651357535
29 36 -0.012153492417114329
31 36 2.2623647120447902e-05
32 36 -1.7109944055911887e-06
33 36 7.2622800066756737e-07
34 36 -0.67997386572681584
35 36 -8.5756082341579281e-08
36 36 -0.49566383538607439
37 36 0.0098220571971643911
38 36 0.0079079342691860816
39 36 0.25632398068509188
40 36 -0.00016113337442721264
41 36 -0.047068874178728529
42 36 0.00019538941286215817
43 36 0.00045143863073155913
44 36 -0.076675630822987756
45 36 3.3806961220967982e-05
46 36 -0.0050882426874994252
47 36 -0.0078891895673096381
48 36 -6.776838050379608e-05
4 37 0.10831230664402294
5 37 -0.03508449869351786
6 37 -0.0059910024776024615
7 37 -0.0011124869594655589
8 37 0.00027292470281326854
22 37 -0.14843020120514147
34 37 0.064869305875806652
35 37 1.2667377154136387e-05
36 37 -0.078084820641132674
37 37 -0.86703418261803145
38 37 -0.0075683298860945557
39 37 0.0060613003405669205
41 37 0.00078737076831052188
43 37 0.069278996736072254
44 37 0.45325276505888035
45 37 -1.1119095235897796e-05
46 37 0.44667424558950664
47 37 0.0021341372895017077
48 37 5.1390090748717036e-06
12 38 -0.61960074414584188
13 38 0.24394481613282146
14 38 -0.052717247360409121
15 38 -0.0024254589022962305
16 38 0.009711027684645223
17 38 0.017506870507592292
18 38 0.0013148451730834211
19 38 -0.056681043779649908
20 38 -0.0089899441677455914
22 38 -0.00056210743118355496
27 38 0.070987042514506549
29 38 -0.17839420780528145
31 38 0.00015454549942273531
32 38 -1.1688057346094306e-05
33 38 4.9609715206573522e-06
34 38 0.018251409628277589
35 38 -5.8581255725289078e-07
36 38 0.15514747463571732
37 38 -0.0069206877686612076
38 38 -0.46817716123785741
39 38 0.079785297213817274
40 38 -0.0011007260541124975
41 38 0.056236324786070505
42 38 0.0013347341492700681
43 38 0.0030838444515016521
44 38 -0.014083805957740239
45 38 0.00023094038189524696
46 38 0.0038129059476015885
47 38 0.0094260946091210534
48 38 -0.00046293588979130849
29 39 0.069879775388970194
36 39 -0.58395589767574441
37 39 0.084783836982663049
38 39 -0.46132956392102431
39 39 -0.40993461711188994
41 39 0.054798032857930223
44 39 0.069868520780348137
46 39 -0.044182446391189831
47 39 0.0091847211048021252
18 40 -0.35901299679381798
20 40 0.11866070506137964
22 40 0.022109117096594248
31 40 -0.54585508857513254
32 40 0.15380248036407351
33 40 -0.065281141450559216
34 40 -0.006659540519835954
35 40 0.0077086740478752979
36 40 0.0038715501244780456
37 40 -0.0035118732742220882
38 40 0.0003752479454011237
39 40 -0.0023247620730586184
40 40 -0.48880385170077156
41 40 0.00047164634195559572
42 40 0.074490166991077855
43 40 -0.039014142067034865
44 40 0.0024492737192371933
45 40 0.0073286071141026379
46 40 -0.00076768024851996391
47 40 -0.0038790960181619176
48 40 -0.023266298057559698
6 41 -0.43678652723103717
7 41 -0.081108181382231234
8 41 0.019898144523064366
26 41 -0.29763545104719707
28 41 0.16339423496574346
29 41 -0.37335656923356331
33 41 -0.079352872660716098
35 41 0.0098387945717629405
38 41 0.070504274992144705
39 41 -0.25633639197732755
41 41 -0.45681319895382066
44 41 0.15020419060815732
45 41 0.0030451219140475642
47 41 0.11619468097510688
48 41 -0.0014073905132010113
2 42 -0.15436949574104969
3 42 -0.02836281531960896
4 42 0.0062921900524563739
5 42 -0.0020381648264616099
6 42 -0.00034803548517994679
7 42 -6.4627738035739744e-05
8 42 1.5855022880782003e-05
20 42 -0.12303893817303552
22 42 -0.022924878881354541
32 42 -0.41429196697485127
33 42 0.17584535980105806
34 42 0.0069052580958210074
35 42 -0.020763829980906198
36 42 -0.0040143990055769496
37 42 0.0040194432586348776
38 42 -0.00038909349754735604
39 42 0.0024269935142981897
40 42 -0.40290802701229483
41 42 -0.00037520848862650122
42 42 -0.59632586092466089
43 42 0.046165643727792138
44 42 -0.0020735937661696055
45 42 -0.088077702734468605
46 42 0.054457415375850124
47 42 0.010715339996610826
48 42 0.26287067485671517
2 43 -0.26448306418336121
3 43 -0.048594343517066853
4 43 0.010780482876547938
5 43 -0.0034920116570023182
6 43 -0.00059629327104459445
7 43 -0.00011072746014280514
8 43 2.716459630885112e-05
20 43 -0.24019278402300243
22 43 -0.48245262962711466
34 43 0.14532072094358323
35 43 1.2608026431360075e-06
36 43 -0.084482773786355492
37 43 0.077281727635275396
38 43 -0.0081884481062715949
39 43 0.050757832819488959
40 43 -0.01513213377302596
41 43 -0.010096955521962707
42 43 0.1383861645240482
43 43 -0.49759151279918162
44 43 -0.052648173094268141
45 43 0.023899330283863929
46 43 0.017526796422542713
47 43 -0.0014930764234511384
48 43 0.059998983532882653
4 44 -0.0047268835958343353
5 44 -0.47427142089627383
6 44 -0.37467394544324406
7 44 -0.069574312465303198
8 44 0.017068558324631958
35 44 0.00079221068502332648
37 44 -0.5779683100198304
39 44 -0.25562360892235558
41 44 0.23637893900861115
44 44 -0.28908235797517068
45 44 -0.00069538199948470248
46 44 0.30161205654980028
47 44 0.16483389883198007
48 44 0.00032139075437694753
1 45 -0.12069552892553027
2 45 -0.030287231769138258
3 45 -0.0055647727362617113
4 45 0.0012345251083406598
5 45 -0.00039988710325451282
6 45 -6.8284419489273964e-05
7 45 -1.2679935703664369e-05
8 45 -0.0039704435402317245
32 45 -0.06086729319955056
33 45 -0.10061177378996591
35 45 -0.54170570472431201
37 45 7.416190044352913e-05
39 45 3.2283695271345236e-06
40 45 -0.0070492391509315274
41 45 2.2335405367090141e-05
42 45 0.19275029419800016
43 45 0.028456242462957484
44 45 9.1439013703848633e-05
45 45 -0.60081934258747616
46 45 0.012362432035179598
47 45 0.27826726454442524
48 45 0.27994608192817783
2 46 -0.20983701099071569
3 46 -0.33174779820282335
4 46 -0.054774867840604091
5 46 0.017742663218384497
6 46 0.0030297237600332783
7 46 0.00056259836086210938
8 46 -0.00013802138455203778
22 46 0.00073702753037270844
34 46 -0.00022200184120006129
35 46 -6.4060486846182156e-06
36 46 0.0001290616452249809
37 46 -0.41906516561814211
38 46 1.250923161101836e-05
39 46 -0.018314884808871522
41 46 0.0026956487903945113
42 46 0.031189831976921517
43 46 0.13443305932319818
44 46 0.21373177646195293
45 46 0.0053923654177939441
46 46 -0.54120829703970508
47 46 -0.00056070106813813862
48 46 0.074850588395787565
6 47 -0.3187727571200632
7 47 -0.35247236766362211
8 47 0.04045920745229576
26 47 -0.13105197595850501
28 47 0.071944176263779053
29 47 -0.022445192896455857
33 47 -0.034939892823860605
35 47 -0.53585310879873438
38 47 0.0042385274095270908
39 47 -0.0035248683128934629
41 47 0.29087245648592136
44 47 0.10173856154881473
45 47 0.24198942885339075
47 47 -0.40518558405094157
48 47 -0.11184236167756716
1 48 -0.54705797537985201
2 48 -0.60308290511168949
3 48 -0.11080640626558408
4 48 0.02458200849937207
5 48 -0.007962598820046983
6 48 -0.0013596873558255973
7 48 -0.00025248436433822428
8 48 0.19216791770596939
35 48 0.0089191761149303109
37 48 0.0014767204447407309
39 48 6.4283672011987785e-05
41 48 0.00044474520676919576
42 48 -0.20354522702770875
43 48 0.19160176090477429
44 48 0.0018207443468391184
45 48 -0.52899537764118643
46 48 0.22099998477392824
47 48 -0.0085302476754477042
48 48 -0.16762875053273607


