# Created by Octave 5.2.0, Sun Feb 07 20:04:52 2021 -03 <kuroneko@kuroneko-VirtualBox>
# name: xJacobi
# type: matrix
# rows: 494
# columns: 1
 0.98999999869254007
 0
 -7.3687297646558733e-08
 1.4553762253780895e-07
 0
 -1.9043585429061287e-07
 -2.3981179573625292e-07
 0
 0
 0
 4.4520031854507145e-17
 -7.6831056899667058e-08
 0
 0
 0
 -4.4316034576533849e-17
 4.993887480468804e-07
 0
 0
 0
 0
 1.8902412520909161e-07
 2.0994324828238815e-07
 0
 1.5969345247100114e-07
 0
 0
 -3.6373094076297939e-07
 1.3134225475980243e-07
 0
 3.4586900977003097e-08
 6.1062847723288693e-07
 3.7677307044036547e-07
 0
 0
 4.8980144330426895e-07
 -2.1096884566764697e-07
 4.1478802254693674e-07
 1.9829541303396018e-07
 -1.8636011662544148e-07
 4.2654988626605543e-08
 7.38366300015653e-08
 0
 -1.9820843367319744e-07
 2.7409638424506988e-07
 1.3374813088856613e-07
 -1.0246066106700331e-07
 -2.3767280335329309e-08
 -7.646035058688668e-08
 2.078230535118424e-07
 4.5032223244996062e-17
 0
 -7.9692243339127378e-17
 -2.7205424765500201e-07
 0
 4.3176484361332596e-07
 4.1634985051053463e-07
 -5.3563992959204818e-17
 0
 0
 -1.9450507592250275e-07
 0
 -2.5292064521703295e-07
 0
 -5.1762336780701614e-17
 0
 -7.1749023460066561e-08
 1.5688541041962962e-07
 0
 2.1154039631885561e-08
 3.2283954197719736e-08
 -4.4783194495510489e-08
 0
 0
 0
 0
 -9.2470668337471937e-08
 -4.0120736666918981e-07
 0
 -5.1955258116158843e-08
 6.4753581715754634e-17
 -3.0615025240929298e-07
 0
 3.777751633865949e-07
 6.9074932937619474e-08
 0
 -6.358549580460303e-17
 2.8924129414578908e-07
 -1.2268231625827762e-07
 0
 1.3539655102204662e-07
 1.2534232557641212e-08
 0
 0
 6.6103281342044641e-17
 0
 -2.2790295662328345e-07
 -2.5685002979839915e-07
 1.3111110503420933e-07
 -4.0639272007996181e-07
 0
 -3.7655380302854477e-08
 -9.5780853369749613e-08
 1.0521911360962345e-07
 0
 0
 0
 -1.0905775945488471e-07
 0
 0
 0
 -1.8733636173088979e-07
 2.1411671498789564e-07
 2.8550138316732061e-07
 0
 -3.1017196541919768e-07
 -2.7197703642456333e-07
 -5.9696771725553879e-17
 6.1860600602889115e-17
 1.6956519532792726e-07
 0
 -1.7677234897967389e-07
 2.3630078987575977e-07
 -3.4821511806416168e-08
 0
 -3.8899116102996641e-07
 0
 1.7776883408664304e-07
 0
 0
 0
 0
 0
 0
 0
 2.2179221905621769e-07
 -1.8016634306958638e-07
 7.9687497535059602e-08
 0
 -1.7337663131241144e-07
 -3.9785956907225539e-08
 2.1762264657546063e-07
 3.2776998423997139e-07
 0
 0
 -1.1604193912059736e-08
 3.1352100105623858e-08
 -2.0400003266851994e-07
 -9.851859896538818e-17
 -4.6588970320453835e-17
 -1.3240403362538474e-07
 -1.8014937580497367e-08
 1.3395815885760186e-07
 0
 4.1148331032000642e-07
 -5.4147585114454202e-08
 -1.5832495393571081e-07
 0
 -1.0444650679043971e-08
 -1.4850382402060446e-07
 0
 0
 -1.510430276752233e-07
 -4.3640915124110742e-07
 0
 -8.4273758296445345e-08
 -4.1074910854024014e-07
 0
 -3.8935806575788801e-08
 0
 0
 2.6841722423952843e-07
 2.7472927068949846e-08
 2.4324478669804419e-08
 1.6867388582555153e-07
 0
 0
 -1.4424846349134999e-16
 1.396499811823884e-07
 0
 0
 0
 -4.1066792026537343e-08
 0
 0
 3.4977460523113884e-07
 -2.5944206991118356e-07
 2.440326096778507e-07
 0
 2.652912253753615e-07
 -2.3885068867606211e-07
 6.0118013383732428e-17
 0
 0
 0
 0
 0
 0
 -9.864199567725263e-08
 0
 0
 8.8126577099246028e-17
 -8.01351408363943e-09
 6.1011104668451097e-07
 2.7208980510665344e-07
 0
 2.0057444517973847e-07
 1.836769930128864e-07
 0
 0
 -8.7776757463204002e-08
 0
 -5.9747328502857386e-08
 2.1524247196793706e-16
 -9.7137078887914301e-08
 -2.0492214797530348e-07
 -6.8311315549643742e-08
 0
 1.2891402301625807e-07
 -1.0224862190269004e-08
 -1.410907870969529e-07
 1.616022540508276e-07
 2.1806969074223899e-07
 2.4277082443565082e-07
 7.1378366576300872e-08
 1.1571606668459421e-07
 0
 3.5427647119954527e-07
 0
 -9.4286095025819962e-08
 1.9862413071005418e-07
 1.5168839810034759e-07
 1.0519376685239457e-07
 0
 3.4612447893293063e-07
 -2.4136545254377966e-07
 -4.3226440102774804e-17
 1.3207099867557499e-07
 1.2367268291112119e-07
 -1.079078394240975e-16
 -3.7382087588771485e-08
 -1.5187440347515661e-07
 1.397417014741073e-07
 0
 -5.4082703229364713e-08
 -1.5388119123990202e-07
 0
 2.1984419029761017e-08
 -1.2390223581284482e-07
 0
 0
 -9.2205245118571285e-08
 2.0329665858434749e-07
 0
 -2.9005460770619415e-07
 -8.0873678286658737e-08
 7.0525691524007744e-08
 -5.5028868161695374e-08
 0
 0
 0
 1.7081136378395544e-07
 2.8947548205637162e-07
 -1.4957856242134454e-07
 3.7020206559417079e-07
 0
 0
 0
 -2.9926984174848897e-08
 2.7366482352371984e-07
 3.214915062373135e-07
 2.2765586173142352e-07
 0
 0
 -7.1888219579675192e-08
 8.1152166003229688e-08
 3.2314458463302576e-07
 -7.3247570192204717e-08
 0
 -1.2691740470911521e-07
 2.3772291863050466e-07
 0
 7.3135822545817235e-08
 0
 1.8424458732411102e-07
 -9.2267832562270849e-08
 1.6068619437524624e-07
 0
 6.0146338181045431e-17
 6.0146338181045431e-17
 0
 0
 0
 -1.2281279624809532e-07
 0
 -5.1212777763197883e-08
 -1.6146938360219433e-07
 0
 0
 -4.9549397767702203e-07
 -1.3848722273915359e-07
 6.7379412537503269e-08
 0
 6.7379412537503269e-08
 0
 3.9429067106170478e-07
 5.6824865255627014e-08
 0
 8.5654572329115397e-08
 9.1857368990644655e-08
 1.259917652480603e-07
 0
 0
 0
 -1.5018552928549225e-07
 -9.1936198299265835e-17
 -1.8016634300957894e-07
 -1.8016634300957894e-07
 -1.8016634300957894e-07
 8.6362187147292048e-08
 2.21168314213172e-07
 3.6340532599811803e-07
 -3.2274371046674914e-07
 0
 -4.012472617199836e-07
 -3.203251428208544e-07
 0
 3.3303452474640576e-07
 -1.3454470173393713e-08
 0
 1.034843275833232e-07
 -2.5108699738342796e-07
 3.8279720476263756e-17
 0
 -8.1744826994412576e-08
 0
 1.2201624528162126e-07
 0
 6.7262242354167069e-08
 1.1084894234437278e-08
 2.8655731002685468e-07
 0
 0
 0
 -3.9101601905913731e-17
 1.1522902652400438e-08
 0
 0
 0
 0
 0
 7.1192244145163348e-17
 1.2686695111829255e-07
 -1.0604151387706507e-07
 -2.6237674848137698e-07
 0
 1.5576919537633667e-07
 0
 0
 0
 0
 0
 -3.0324774549016488e-07
 0
 0
 0
 6.5845854089104656e-08
 3.8025141448083738e-08
 1.2789694551865619e-17
 0
 0
 4.4897127226669143e-07
 1.8415477102879762e-07
 8.1247704778129873e-08
 3.2439332370634876e-07
 0
 2.9357145515097064e-17
 0
 3.1337843898044771e-08
 -3.8253644564711035e-08
 4.0039270507894407e-08
 0
 0
 -3.2265253402387688e-07
 -1.2484123017339099e-07
 -1.8282354517111163e-07
 9.9650525532118824e-08
 -2.20836961010069e-07
 0
 0
 -5.1793357984420749e-08
 -1.9582613305358889e-07
 0
 3.0129625170761576e-07
 0
 3.0009055249937682e-07
 2.0106847786009223e-07
 -2.867743265685023e-07
 -1.3956899682638637e-07
 1.0477435795737967e-07
 -2.407094187614662e-07
 8.3000270042466028e-17
 -3.1780980223556334e-07
 -1.4136113817166524e-07
 0
 -4.15217212564698e-07
 0
 4.2631561001681851e-07
 1.175940067834835e-16
 4.0412041184614881e-07
 0
 -8.4051866737667832e-08
 0
 -1.1679679782629449e-07
 0
 0
 2.3291624817502747e-07
 2.8269254460799899e-07
 0
 -2.1001741037941507e-07
 -2.1432915067586098e-07
 2.1460931458515502e-07
 0
 0
 0
 1.7280001103219527e-07
 0
 1.6558553115943453e-07
 -6.1155783165081694e-08
 1.0884344267427181e-07
 -1.2185900783249059e-07
 -1.2897658996166535e-07
 0
 7.5943676152559512e-08
 3.41884771890064e-07
 -6.954388248555396e-08
 2.2577627524319156e-07
 2.4013589293535885e-07
 0
 -1.3124386502035871e-16
 0
 1.9101262662358268e-07
 2.0396660655529335e-07
 4.5710524402036151e-07
 -1.4314738444927175e-07
 -1.1968618764154103e-07
 -1.2083292547470675e-07
 0
 -1.6207175372441704e-08
 -2.4902729941939952e-07
 0
 0
 0
 5.4441271330421168e-08
 -3.570252299400897e-07
 -4.3543309905299752e-08
 -1.7391995712954449e-07
 0
 0
 0
 0
 0
 0
 1.044579846745094e-07
 0
 -1.0446799310419806e-07
 1.5948144285875261e-07
 2.2675982028301887e-17
 0
 1.0152810769992585e-16
 0
 -1.0848129537258151e-07
 2.1480026313443659e-07
 0
 0
 0
 0
 0
 0
 -1.417733804535591e-07
 2.5652439626310139e-07
 3.1359680492441486e-07
 1.9515022426515717e-07
 0
 0
 7.0340603291476938e-08
 0
 -1.8483855590271092e-07
 0
 2.3491438548505779e-07
 0
 0
 -2.6872473983245506e-07
 9.0132395504323529e-08


# name: xSeidel
# type: matrix
# rows: 494
# columns: 1
 0.99585869143194172
 0.00020030775478038445
 1.4557972251347215e-05
 0.00023231749772337459
 9.5950842807849607e-05
 3.6409480163320498e-05
 1.518352982819748e-05
 0.00023231749772337459
 4.426092855748766e-06
 0.00019713205440438902
 -2.2102719642858494e-07
 0.49010958086532469
 0.49010958086532469
 0.49010958086532469
 0.49164925940288201
 0.49527518459692116
 0.31963443058704355
 1.518352982819748e-05
 0.49527518459692116
 0.31963443058704355
 0.31963443058704355
 4.1945560275577393e-06
 4.4112667231543575e-06
 9.688704687999921e-07
 1.4549259783842307e-06
 0.0051258090723866117
 0.011037796600447526
 0.011826202630671832
 8.985205234821415e-07
 4.048488414333958e-06
 5.0647810827580216e-06
 5.6885539403429991e-05
 6.8711938352483045e-06
 6.8711938352483045e-06
 7.1457420083306454e-07
 6.4708822162781538e-06
 8.3383444118384047e-08
 0.10534690504215856
 0.10642878806630272
 0.039604674652955502
 7.5811628572844563e-06
 6.5341540825645789e-06
 1.2608689491403871e-05
 2.7250265193327366e-05
 1.2874097927877386e-05
 0.74570024172715044
 1.6718990710949199e-05
 0.00046571853771024856
 0.00044861457556555622
 0.00028805660659110902
 -8.0558245192439693e-08
 2.8898385464586303e-05
 0.00028562101935851079
 -3.8426410678265037e-06
 5.7602642007398281e-07
 0.0071245828715493986
 0.29771645296117993
 0.0089784036537119954
 0.0093611688140135488
 0.0089784036537119954
 -6.430854746795052e-08
 0.0015691045824869163
 1.5522003995761128e-05
 1.5522003995761128e-05
 1.8597838521075508e-07
 1.859783852107551e-07
 0.00026206061240237826
 0.00015641674201044196
 0.00026206061240237826
 0.00027847444099783083
 0.00056033912130136574
 0.0001498236769773344
 0.00015641674201044196
 0.00056033912130136574
 0.00056033912130136574
 0.00056033912130136574
 -7.7304699342488015e-07
 -8.4044152938212887e-07
 3.00763125570047e-05
 1.4506072141221548e-05
 2.2404374125479214e-06
 1.3687569421997979e-07
 7.9567835325527938e-05
 0.2342725442646944
 0.01038593089949401
 0.0094720676363500202
 0.0070572191365396043
 0.0099703967833541032
 8.0520082014754266e-06
 0.00063216366034918238
 0.00053082800643539541
 0.00018880658468737739
 0.00053082800643539541
 0.00053082800643539541
 0.00023119645756369987
 0.00023119645756369987
 3.3644733903255537e-06
 1.856358933544007e-05
 0.0057737639501157451
 0.00014151111942804561
 1.3446816645137281e-05
 1.6601370415136792e-05
 0.00030777523992748618
 0.0029579087085787412
 0.0029579087085787412
 0.14397186318180949
 0.16975605779224606
 0.0057923428013709356
 -7.4645975902230524e-07
 -7.4645975902230524e-07
 -7.4645975902230524e-07
 -7.1282154906579784e-07
 0.0040007050632124355
 0.00022119055120781395
 0.0001086989123350421
 0.0095820543293982704
 0.0094114447639417568
 0.0085747507185015403
 0.0096351200274036857
 0.00035407417873066711
 6.111710209780662e-08
 -1.5399500117912026e-07
 2.0199667270494911e-07
 0.0080882322360144865
 0.10718656618396792
 0.11376616247553543
 0.0023254865202047806
 0.0019148509627172699
 0.0023254865202047806
 0.00014441618909371477
 0.00014441618909371477
 0.00014441618909371477
 0.0004177472356274332
 0.00037358461570705174
 3.8902762793476137e-06
 0.0001846183087885421
 0.00018134506368620634
 2.1501277470554179e-06
 5.1815356327552645e-06
 4.0841421763392944e-06
 0.0001802873027672204
 0.00049330616325169168
 0.00044131436223609631
 0.0001846183087885421
 0.00018134506368620634
 0.00010426440825959347
 6.6993333597610404e-06
 5.421579484616283e-07
 9.5304518078312897e-05
 6.7959816562404462e-05
 4.2795563726019221e-06
 4.3988767716779085e-06
 3.8030284474795441e-06
 4.339153012179356e-06
 4.7466550768560029e-06
 -4.1354430668370917e-06
 -4.2911192109209631e-06
 0.00020658901612876043
 0.00041646825464434893
 0.00054835837557854676
 1.6449845710949498e-06
 -1.189765881379187e-06
 0.071350193110726767
 0.012525906215726502
 1.5183529828197481e-05
 2.8392868520239125e-05
 0.013821190267276521
 1.6070334100113013e-05
 2.0128091462531167e-05
 4.4697003006432897e-06
 6.2934603712307185e-06
 6.6369122912500735e-06
 0.013193095513087767
 2.201790777243994e-05
 1.4872802881582179e-05
 5.5450741668819431e-05
 0.0025475536566787272
 1.1190540833388797e-05
 -9.2891965785425092e-08
 1.1959668161290487e-05
 1.4842114245294927e-05
 5.0647810827580216e-06
 0.00025001277578915062
 0.00025001277578915062
 0.00025001277578915062
 1.0664320004555706e-05
 -8.2525289951304679e-07
 6.5513782468186579e-05
 2.3311907948737473e-05
 2.8622476840522977e-05
 0.0056163810058513491
 0.0042162168375165024
 0.0042162168375165024
 0.0042162168375165024
 0.0056163810058513491
 0.0056163810058513491
 3.2072350087899577e-06
 3.9331745571812967e-05
 1.6764147364873116e-06
 0.19302687462918855
 3.9331745571812967e-05
 0.0087635335388494499
 4.8571845756741816e-07
 0.0002483159476137792
 0.00027275509602938655
 0.0002483159476137792
 0.00039639658388818615
 0.000260048773203037
 0.000260048773203037
 1.6796884121355241e-06
 1.7879405918947036e-06
 0.00013569392041001878
 0.00010799445680930395
 8.5542832293095068e-05
 4.6047390021419798e-05
 0.00013168900138083755
 0.00017179590225729338
 0.00013168900138083755
 9.6303163676659699e-05
 0.00016830184232893004
 2.7321320550554919e-05
 8.9375382851928862e-07
 0.11449130416629022
 0.0069023433048311872
 0.0028144768275025749
 0.0027662206089930203
 1.839474714136203e-05
 2.2126163159192481e-05
 -1.7732188478533229e-06
 -1.7218872070626328e-06
 0.002666935349077582
 2.0428283943038771e-05
 1.892652893302674e-05
 2.0428283943038771e-05
 3.4855984063920273e-05
 0.0010443832031140122
 0.00026412127689759852
 0.00025793949389523813
 6.6065727825383675e-06
 2.7122112764335939e-06
 4.0035610105133781e-06
 0.00027723480356388889
 1.8241269168370456e-06
 1.8241269168370456e-06
 0.00020243955391802869
 0.086553675439668507
 0.0050250188218223784
 0.00028479936322810994
 -1.8370993720837485e-06
 -1.8370993720837485e-06
 -1.8370993720837485e-06
 4.862658531773068e-06
 0.44633865150922009
 0.19349925385669786
 0.15028050645869087
 0.19944270211416157
 0.0021476240695397293
 0.00025423578203246554
 0.00025423578203246554
 0.00025423578203246554
 0.00025423578203246554
 2.6373036855034097e-07
 0.0030220822714958199
 2.4434157533789651e-06
 1.5787663926177586e-06
 0.0021476240695397293
 0.49840114773868627
 4.5352368152077355e-07
 1.0550840696351974e-06
 0.00057980966765594261
 0.0005509361671091512
 0.0004925480415029276
 0.0004925480415029276
 0.0004925480415029276
 0.097531456752400977
 2.6696002545452966e-06
 0.00018798676187182042
 0.00065821608063408002
 0.00065821608063408002
 0.19715482321910272
 0.20256094177616654
 0.0028144768275025749
 0.00039996822646783456
 4.3045028386528527e-06
 3.1777254651945646e-05
 3.7908596931693667e-05
 9.0305919700627862e-07
 4.3045028386528527e-06
 3.2120830355033211e-05
 3.2120830355033211e-05
 3.2120830355033211e-05
 3.2120830355033211e-05
 0.0001744542515901961
 0.00019804459528060758
 0.00068540490841155662
 -1.0152093986002396e-06
 -5.7401490008590542e-07
 -1.0131579209782544e-06
 -1.0152093986002396e-06
 0.00026613552459343361
 0.0001252418020005714
 0.00012399785570483095
 0.00012399785570483095
 0.00012401560873877613
 0.00012401560873877613
 0.00014702872103613339
 1.0394306111800298e-06
 0.00041354478129069383
 1.3648881152579427e-07
 0.00013503702816542991
 0.00013377942595169765
 0.00011679355083199562
 0.00011679355083199562
 0.00011679355083199562
 -1.5293134365083466e-06
 6.8917777843024453e-07
 0.00013413478377906314
 0.00013413478377906314
 0.00013413478377906314
 0.0001797442223822467
 0.00010363332780201706
 2.8156225441449056e-06
 1.0633788727645515e-06
 4.695808329591113e-06
 5.7873720936079149e-06
 4.4886277448807173e-06
 7.4649514366259719e-06
 7.9084627495489638e-06
 2.8633279850035719e-06
 0.00023027849118388485
 0.00026073286168615517
 -2.5124063827139222e-07
 0.0043633414212744248
 0.25636461715106146
 3.3939849303468703e-07
 0.0027955311874488672
 0.0046490543434103788
 5.1764959260318774e-06
 0.00010335959978953523
 3.5021441157914391e-06
 3.0931474241247908e-05
 0.00010335959978953522
 0.0057730784775206411
 2.0128091462531167e-05
 0.049936725234373681
 0.010315186393146875
 0.009967428909356691
 0.049936725234373681
 0.010315186393146873
 0.049936725234373681
 0.010315186393146875
 0.038658842319946686
 0.0017524185545701385
 6.0143519785531677e-05
 1.1811055295582016e-05
 0.11686894370946951
 0.00043430624906270354
 0.00039043522971964132
 0.00043430624906270354
 0.00039043522971964132
 0.00043430624906270354
 0.00039043522971964132
 1.4935823070732932e-06
 1.6764147364873116e-06
 0.0015691045824869163
 1.7680873407079086e-05
 2.2097484581569853e-05
 0.00030515670543543067
 0.0003526701451785425
 0.00030515670543543067
 0.00036869896810147993
 0.00049053970789827625
 0.00059272858790520536
 0.0035291422014968915
 0.069307112708820978
 4.2507339509115305e-05
 0.0095713625560503914
 0.003638189152605437
 0.014728344730303053
 0.0094472973850039891
 0.018527573747508883
 0.0031922504372669954
 0.014728344730303053
 0.0036525278543314082
 0.12337724640714895
 0.00099105835297803326
 0.00013577932544998452
 0.00041154925110590803
 0.00041154925110590803
 3.7445652413433944e-05
 0.00014076653386516715
 0.00093934414322120036
 1.4958736633987998e-05
 6.7352333700557314e-06
 0.023248255362474709
 2.8340384036425092e-06
 5.5543968052977487e-05
 0.10909076437664972
 0.00067717810394546504
 8.8584261489236437e-05
 8.6871629735046948e-05
 0.0019227659093094182
 0.0017527369264732401
 0.00081398930891599705
 -4.9875047013153022e-06
 -4.6605426695362364e-06
 0.25549865270137878
 0.0032545786881548249
 8.1980395652071533e-08
 1.6705854794195126e-06
 -3.6096875411820685e-07
 -3.103805894240361e-07
 7.5811628572844563e-06
 0.017630560413084063
 0.017630560413084063
 0.0091148088228031731
 0.023047701443212474
 1.2152163909459876e-06
 0.00014437794430939994
 3.8911964007655813e-05
 1.3976499264403408e-05
 5.7044133401329982e-06
 4.8370536657288059e-05
 3.8911964007655813e-05
 0.0051258090723866117
 1.996562905695107e-05
 0.0025573522181591272
 6.1965444577250008e-07
 0.00056772679597178475
 0.0031670714535570947
 0.00096807668835621741
 0.00020883223002458366
 3.6409480163320498e-05
 1.2677448921227901e-06
 1.4328511926315919e-06
 9.6940742820070034e-08
 3.2214393958982582e-06
 0.0017629686639327204
 2.2492042373918848e-05
 7.9383819472700874e-05
 0.00011459095391873607
 0.0001315835860257434
 6.5328493161913262e-07
 7.8920296189076395e-05
 0.00045237813826481472
 0.00042915694180289173
 0.00075006410230031497
 5.0506968737992516e-06
 0.00019316356104298054
 6.4518900949549719e-06
 0.00019316356104298054
 0.00019316356104298051
 0.00019316356104298051
 0.002078349966226137
 0.0014486545170495895
 -8.7943854243817782e-07
 1.5482717358274925e-06
 -8.7943854243817782e-07
 1.5482717358274925e-06
 1.5482717358274925e-06
 1.5482717358274925e-06
 1.5482717358274925e-06
 1.5482717358274925e-06
 6.6709134105793637e-05
 2.6643888264422141e-06
 2.0666979444469809e-05
 1.2011371501600066e-05
 0.0035512672143935783
 0.0010903884809525242
 0.0093548375652913289
 0.0071692959886550502
 0.0044991988738153745
 0.00098411358035354495
 0.00098411358035354495
 0.00098411358035354495
 0.00098411358035354495
 0.00098411358035354495
 0.0013623543455382413
 0.00065821608063408002
 2.3116735417183765e-05
 1.1466045504978258e-05
 1.1437383046226308e-05
 1.6657681893854672e-05
 1.6657681893854672e-05
 1.6657681893854672e-05
 1.1525644042027502e-05
 0.00049330616325169168
 6.8483023404259177e-05
 4.1624274699128787e-05
 5.4392533886894577e-05
 4.1624274699128787e-05
 5.4392533886894577e-05
 0.00010114634768266381
 0.00010172073425314259


# name: xSOR
# type: matrix
# rows: 494
# columns: 1
 0.99686265817556641
 0.023652488277618212
 0.011601982551789373
 0.024866274364500229
 0.0077857009534086285
 0.011017391058880442
 0.040467059407356364
 0.025958648224137237
 0.0090654250143416791
 0.024672863850425143
 0.0040785373657598132
 0.56654746269165845
 0.57335362345741425
 0.57335362345741392
 0.56250943390098318
 0.57077179862293748
 0.42375873582115747
 0.04042607126632438
 0.57820792687269662
 0.4287287989112632
 0.4287287989112632
 0.00028929850217233573
 0.00030989225103970116
 0.0023705130798200667
 0.0023806105415834326
 0.045352235927528441
 0.14173671493842047
 0.14242941016134253
 0.0054453758411209313
 0.011608441012637768
 0.012391460569546367
 0.040248530959637159
 0.00069699112732065011
 0.00080728974378611428
 0.0045636476481852942
 0.0035610800007113115
 0.0091812304715582077
 0.20591399974715865
 0.21485916712826814
 0.1463974595171679
 0.0011088332940104501
 0.00081656755299992214
 0.005104535890920173
 0.010101678073909418
 0.0030891868064898123
 0.98115388685941918
 0.0031609295715807114
 0.025289502044886947
 0.011486831734370611
 0.010569256586587264
 0.0020740229227109563
 0.012174458922629016
 0.025066293920609006
 0.013561337146683061
 0.010411458602200356
 0.030844393372125273
 0.41523548523610054
 0.037483615191067632
 0.047844486184934205
 0.074307095233653073
 0.0044180352225999886
 0.039245736131288421
 0.014736086503696708
 0.015545943163608539
 0.0040374830183747511
 0.0044717208365570981
 0.041100614379304602
 0.034932665505744781
 0.04212136300625495
 0.041821699429464357
 0.045111886268391903
 0.037933441302912818
 0.035851269498142324
 0.046215947466004374
 0.046215947466004374
 0.046215947466004381
 0.0011796050770251925
 0.0012551988303099752
 0.014317339595431442
 0.013556837954362817
 0.00022884196977804541
 0.0024241454988650113
 0.046814258833291815
 0.38163570278521497
 0.065949589702955294
 0.064712292385647213
 0.054416258003989415
 0.066521243439432221
 0.012772075110023101
 0.048567314503797747
 0.047640356064032684
 0.047176285629623969
 0.048589186784151889
 0.04858918678415191
 0.047633569423136353
 0.048032301490121665
 0.01016045578830314
 0.0047225055949300515
 0.039545981648089971
 0.023191289908231189
 0.0098436349062026446
 0.010461521237425164
 0.025066522920191896
 0.088518161902006731
 0.084503255388858722
 1.086074292217249
 0.28372290950125156
 0.10514887357687072
 0.00058393116977181725
 0.00058393116977181704
 0.00058393116977181682
 0.00066610767734226386
 0.099310306959080136
 0.0083007058486226359
 0.0080249385953784069
 0.059755986465384409
 0.051621672291064784
 0.046925344229561419
 0.05652269992652615
 0.026149252570505467
 0.00088490542410399233
 0.0010415260979600234
 0.00098863505435174042
 0.043095066542126088
 1.0945432243068907
 1.0923571295838186
 0.037231111273837013
 0.03909176534471949
 0.036402629373272336
 0.04697768190927018
 0.04697768190927018
 0.046977681909270166
 0.0474158797319644
 0.044424689128630609
 0.00029415728660228289
 0.04704077436759823
 0.047035937307985838
 0.0060234132295801882
 0.011399039795869818
 0.00032770543974390841
 0.047909291569388696
 0.048149420685422412
 0.045307400821530099
 0.047908438425290772
 0.047911702929893295
 0.03262541480813172
 0.012195623438977468
 0.0076810335512466953
 0.01534642578588458
 0.013258725773078815
 0.00035859895189108701
 0.00035746247089265854
 0.00071845409809317919
 0.00038496081770827848
 0.00035443643979500257
 0.0003068476039963756
 0.00034000480970311134
 0.025471813823083989
 0.030300685626872475
 0.031555757802005154
 0.0033917575922226152
 0.013808162974351485
 0.19359824864308262
 0.13682953574298184
 0.040426071266324401
 0.046591632751678796
 0.13771540930885456
 0.0069143640382165646
 0.0072176288125365253
 0.0034261369406940558
 0.00077116071104480855
 0.00086333682288260204
 0.14393602802616409
 0.004988735738007755
 0.0053870013453270566
 0.039436402304721972
 0.039822926056567148
 0.0090817231238904533
 0.00091970867856422487
 0.01432540788829401
 0.015084337934927507
 0.01309617018134065
 0.028692301582451053
 0.029977990081233443
 0.029977990081233447
 0.012662165197138128
 0.0012277786931834504
 0.036925073474573918
 0.016887468339260657
 0.017873867869898006
 0.10185160895423724
 0.10715771887200268
 0.10259227792008827
 0.10259227792008836
 0.09785082967823773
 0.097850829678237772
 0.00028529493865656714
 0.03627360907777414
 0.0063919383656005375
 0.29391848624754202
 0.03620884871126237
 0.11750496613469981
 0.00041341076340830658
 0.025744638404273098
 0.026857276198896603
 0.026856608482397751
 0.027589481097566176
 0.027964436494811801
 0.029055272637896579
 0.00021216100634301923
 0.00023513667441280584
 0.038470014430238057
 0.039444360027804444
 0.024121398021549847
 0.02602694377187751
 0.019170946567084853
 0.021336424855591708
 0.020657745118974925
 0.019071424225626792
 0.024146816755034186
 0.040151769710757332
 0.0049464953843765041
 0.1808700635962433
 0.038417382675874759
 0.040146259175550654
 0.040802156768323168
 0.0065067683701320947
 0.006884847012431021
 0.0058403817415725251
 0.0063022679453643912
 0.065369151606474746
 0.015440864498944759
 0.015771688968550863
 0.016010866202419143
 0.016947630101508449
 0.030244752876366226
 0.043184202681319617
 0.010566393152717967
 0.00087605598476492047
 0.0072340941503581408
 0.00032759063638723241
 0.025721312717820875
 0.0012687024837400999
 0.0014065717618575585
 0.040974104192188457
 0.2079809349471938
 0.092727838216032907
 0.025691619055466412
 0.00087368235279549147
 0.00093697460871706225
 0.00093697460871706225
 0.011873774694396067
 1.066999903326955
 1.0113829395185139
 1.0605918782239825
 1.0754158910866165
 0.078946144610301555
 0.024877589750978941
 0.025634047164780602
 0.025634047164780606
 0.025634047164780596
 0.009779491957804351
 0.090539774839213355
 0.0016472913149866981
 0.0015013090906986055
 0.0798085305436321
 0.53208352124005476
 0.010077786904323814
 0.010182800241556864
 0.047744153005108536
 0.026145234713994825
 0.028215014214959533
 0.028717855891283683
 0.028717855891283686
 0.13735290886412121
 0.0090397368457588757
 0.025103866726735643
 0.029382674011289734
 0.030124454176744312
 0.30720586406898037
 0.31449610309539561
 0.0413687546821623
 0.026619778379503696
 0.0028905626401269837
 0.005677771596534347
 0.010979258668953039
 0.002695216046651871
 0.0031138222186092271
 0.0065793007773126688
 0.0065793007773126688
 0.0069236678088953714
 0.0069236678088953714
 0.010589845433308525
 0.010122587222218532
 0.015397943075462172
 0.00019298844761571498
 0.00024434198284982054
 0.00021469847488827159
 0.00021110960023605128
 0.043507375971062107
 0.024333588322698638
 0.025464547055774864
 0.02659052740819447
 0.025464619046129303
 0.026592817707790803
 0.025190113120644272
 0.0067833207584082995
 0.045241004908029063
 0.0018545638238985139
 0.026151255449680721
 0.028596021490146447
 0.026523710441799162
 0.026523710441799162
 0.026523710441799162
 0.0069308328249120792
 0.0049667615218122688
 0.027466257563610073
 0.027466257563610073
 0.027466257563610073
 0.034255518889234865
 0.028917040280204986
 0.00176503792016296
 0.0022936550001997017
 0.0035038725930480841
 0.0037503413869356154
 0.011410464837850775
 0.0010894398580007948
 0.0012063274253530346
 0.00024909970837051055
 0.01200512579031731
 0.012194676656496015
 0.0052329371564247707
 0.08650446301132525
 0.38509503434628584
 0.0065039261372441051
 0.088639918356123684
 0.098492046905200553
 0.010615735270615623
 0.0334338468784472
 0.0065331641281934569
 0.046499338131769978
 0.034211841868249715
 0.1035937179851074
 0.0074905761034261917
 0.099908006126472423
 0.05941017182983141
 0.053498098914726573
 0.10739793440362144
 0.050814325223865885
 0.10739793440362153
 0.050814325223865864
 0.088115735215824817
 0.05321486892902904
 0.0074626748476977253
 0.014270390465007913
 1.0831647300979443
 0.029150015259411226
 0.030481271442843742
 0.03028991026529575
 0.031678195747027918
 0.030289910265295761
 0.031678195747027918
 0.010929349722487366
 0.0067770502421218388
 0.039245736131288421
 0.040401963438073188
 0.040394988500417721
 0.040120233017311394
 0.040646658300590145
 0.041195842545638274
 0.04327758630083655
 0.046451941626312235
 0.047005644385024234
 0.095414542212796341
 0.10541616154804066
 0.040582273635223945
 0.050522509931327821
 0.095675010253577761
 0.112000453143294
 0.10817107885347428
 0.11841505927298833
 0.10801291955897646
 0.11133590862706576
 0.10671976604359741
 1.0818901415504629
 0.052374589174152525
 0.0471712957002203
 0.031448628382349464
 0.032245099720138524
 0.024555547010118552
 0.024554627390931841
 0.05141226456361709
 0.014782570478429466
 0.011314063278618334
 0.072132341097710162
 0.00025830838772604762
 0.013891069224995724
 0.20599568501005353
 0.031750205572604995
 0.0088051028956726823
 0.027340031529837092
 0.068138137930042988
 0.054912107159631511
 0.050911934680748588
 0.013668454180870667
 0.013898331444951664
 0.30065646657743494
 0.091439220467038271
 0.0020881566553355773
 0.0041219303317557993
 0.0041199356284934057
 0.0045017565979538912
 0.001207659178962727
 0.11890105380969401
 0.11726958645449011
 0.10570093317357537
 0.12832072860016408
 0.0048913473450885349
 0.0080398789233897035
 0.0076062343316015118
 0.0086667913955679743
 0.0094521639681117917
 0.04659252952354425
 0.0081264145568133023
 0.049091081116948529
 0.040401320141284586
 0.083056457953971055
 0.0049883895933807865
 0.027897432853327818
 0.04226655008385418
 0.031290253311178955
 0.026114329246418197
 0.0098906394463670784
 0.0077155797068459916
 0.0025327111954409794
 0.0043867692565559436
 0.0087920253023583209
 0.040540459092671385
 0.019026747590160605
 0.031074350937940799
 0.0093071320841171014
 0.0097179940079523842
 0.0089628767706382735
 0.04045260459435087
 0.015129969005125489
 0.0097495036053803323
 0.016503585353604293
 0.002672976259843154
 0.024522889496991915
 0.0028806893841847631
 0.025652176045327414
 0.025652176045327428
 0.025652176045327428
 0.020871310681455001
 0.017398070386934868
 0.00013749965179331037
 0.00024390228872315378
 0.00015141876604679664
 0.00026474710891846715
 0.00026474710891846709
 0.00026474710891846709
 0.00026474710891846715
 0.00026474710891846715
 0.039700299554387995
 0.00028294390245597661
 0.019215667496680515
 0.019414073111241676
 0.090321471621461383
 0.059940482969668835
 0.12643670662272199
 0.11139892309561966
 0.089691660152220284
 0.053309493948964705
 0.053947703820794495
 0.053947703820794522
 0.053947703820794522
 0.053947703820794522
 0.060458953106165877
 0.030124454176744333
 0.020281061511965539
 0.020249839980839856
 0.021074991561476509
 0.021146120688583018
 0.022141193020933446
 0.022141193020933446
 0.021526099555112855
 0.048809557273651258
 0.024821640005138597
 0.024496645922872623
 0.02572713512683613
 0.02550849193765542
 0.026729409569719913
 0.026312317656072687
 0.026316556906147596


