# Created by Octave 5.2.0, Sun Feb 07 20:04:52 2021 -03 <kuroneko@kuroneko-VirtualBox>
# name: erSOR
# type: matrix
# rows: 1
# columns: 20
 0.99999987028179882 0.82142850255951505 0.3878862899467948 0.50986841416434481 0.63198751034575107 0.49259159514328787 0.34192109422982941 0.63081061886843737 0.49257030036411314 0.43868438326087428 0.28339574503672871 0.26756302154430495 0.13526907586473097 0.22100522291475638 0.13550036530710932 0.12886592432555438 0.14604923717542184 0.16622113148032286 0.048869492680632412 0.10065464963521152


# name: kSOR
# type: scalar
20


# name: tol
# type: scalar
0.0001


# name: kmax
# type: scalar
20


# name: w
# type: scalar
1.8999999999999999


# name: reSOR
# type: scalar
0.99903353128509442


# name: xSOR
# type: matrix
# rows: 494
# columns: 1
 0.99686265817556641
 0.023652488277618212
 0.011601982551789373
 0.024866274364500229
 0.0077857009534086285
 0.011017391058880442
 0.040467059407356364
 0.025958648224137237
 0.0090654250143416791
 0.024672863850425143
 0.0040785373657598132
 0.56654746269165845
 0.57335362345741425
 0.57335362345741392
 0.56250943390098318
 0.57077179862293748
 0.42375873582115747
 0.04042607126632438
 0.57820792687269662
 0.4287287989112632
 0.4287287989112632
 0.00028929850217233573
 0.00030989225103970116
 0.0023705130798200667
 0.0023806105415834326
 0.045352235927528441
 0.14173671493842047
 0.14242941016134253
 0.0054453758411209313
 0.011608441012637768
 0.012391460569546367
 0.040248530959637159
 0.00069699112732065011
 0.00080728974378611428
 0.0045636476481852942
 0.0035610800007113115
 0.0091812304715582077
 0.20591399974715865
 0.21485916712826814
 0.1463974595171679
 0.0011088332940104501
 0.00081656755299992214
 0.005104535890920173
 0.010101678073909418
 0.0030891868064898123
 0.98115388685941918
 0.0031609295715807114
 0.025289502044886947
 0.011486831734370611
 0.010569256586587264
 0.0020740229227109563
 0.012174458922629016
 0.025066293920609006
 0.013561337146683061
 0.010411458602200356
 0.030844393372125273
 0.41523548523610054
 0.037483615191067632
 0.047844486184934205
 0.074307095233653073
 0.0044180352225999886
 0.039245736131288421
 0.014736086503696708
 0.015545943163608539
 0.0040374830183747511
 0.0044717208365570981
 0.041100614379304602
 0.034932665505744781
 0.04212136300625495
 0.041821699429464357
 0.045111886268391903
 0.037933441302912818
 0.035851269498142324
 0.046215947466004374
 0.046215947466004374
 0.046215947466004381
 0.0011796050770251925
 0.0012551988303099752
 0.014317339595431442
 0.013556837954362817
 0.00022884196977804541
 0.0024241454988650113
 0.046814258833291815
 0.38163570278521497
 0.065949589702955294
 0.064712292385647213
 0.054416258003989415
 0.066521243439432221
 0.012772075110023101
 0.048567314503797747
 0.047640356064032684
 0.047176285629623969
 0.048589186784151889
 0.04858918678415191
 0.047633569423136353
 0.048032301490121665
 0.01016045578830314
 0.0047225055949300515
 0.039545981648089971
 0.023191289908231189
 0.0098436349062026446
 0.010461521237425164
 0.025066522920191896
 0.088518161902006731
 0.084503255388858722
 1.086074292217249
 0.28372290950125156
 0.10514887357687072
 0.00058393116977181725
 0.00058393116977181704
 0.00058393116977181682
 0.00066610767734226386
 0.099310306959080136
 0.0083007058486226359
 0.0080249385953784069
 0.059755986465384409
 0.051621672291064784
 0.046925344229561419
 0.05652269992652615
 0.026149252570505467
 0.00088490542410399233
 0.0010415260979600234
 0.00098863505435174042
 0.043095066542126088
 1.0945432243068907
 1.0923571295838186
 0.037231111273837013
 0.03909176534471949
 0.036402629373272336
 0.04697768190927018
 0.04697768190927018
 0.046977681909270166
 0.0474158797319644
 0.044424689128630609
 0.00029415728660228289
 0.04704077436759823
 0.047035937307985838
 0.0060234132295801882
 0.011399039795869818
 0.00032770543974390841
 0.047909291569388696
 0.048149420685422412
 0.045307400821530099
 0.047908438425290772
 0.047911702929893295
 0.03262541480813172
 0.012195623438977468
 0.0076810335512466953
 0.01534642578588458
 0.013258725773078815
 0.00035859895189108701
 0.00035746247089265854
 0.00071845409809317919
 0.00038496081770827848
 0.00035443643979500257
 0.0003068476039963756
 0.00034000480970311134
 0.025471813823083989
 0.030300685626872475
 0.031555757802005154
 0.0033917575922226152
 0.013808162974351485
 0.19359824864308262
 0.13682953574298184
 0.040426071266324401
 0.046591632751678796
 0.13771540930885456
 0.0069143640382165646
 0.0072176288125365253
 0.0034261369406940558
 0.00077116071104480855
 0.00086333682288260204
 0.14393602802616409
 0.004988735738007755
 0.0053870013453270566
 0.039436402304721972
 0.039822926056567148
 0.0090817231238904533
 0.00091970867856422487
 0.01432540788829401
 0.015084337934927507
 0.01309617018134065
 0.028692301582451053
 0.029977990081233443
 0.029977990081233447
 0.012662165197138128
 0.0012277786931834504
 0.036925073474573918
 0.016887468339260657
 0.017873867869898006
 0.10185160895423724
 0.10715771887200268
 0.10259227792008827
 0.10259227792008836
 0.09785082967823773
 0.097850829678237772
 0.00028529493865656714
 0.03627360907777414
 0.0063919383656005375
 0.29391848624754202
 0.03620884871126237
 0.11750496613469981
 0.00041341076340830658
 0.025744638404273098
 0.026857276198896603
 0.026856608482397751
 0.027589481097566176
 0.027964436494811801
 0.029055272637896579
 0.00021216100634301923
 0.00023513667441280584
 0.038470014430238057
 0.039444360027804444
 0.024121398021549847
 0.02602694377187751
 0.019170946567084853
 0.021336424855591708
 0.020657745118974925
 0.019071424225626792
 0.024146816755034186
 0.040151769710757332
 0.0049464953843765041
 0.1808700635962433
 0.038417382675874759
 0.040146259175550654
 0.040802156768323168
 0.0065067683701320947
 0.006884847012431021
 0.0058403817415725251
 0.0063022679453643912
 0.065369151606474746
 0.015440864498944759
 0.015771688968550863
 0.016010866202419143
 0.016947630101508449
 0.030244752876366226
 0.043184202681319617
 0.010566393152717967
 0.00087605598476492047
 0.0072340941503581408
 0.00032759063638723241
 0.025721312717820875
 0.0012687024837400999
 0.0014065717618575585
 0.040974104192188457
 0.2079809349471938
 0.092727838216032907
 0.025691619055466412
 0.00087368235279549147
 0.00093697460871706225
 0.00093697460871706225
 0.011873774694396067
 1.066999903326955
 1.0113829395185139
 1.0605918782239825
 1.0754158910866165
 0.078946144610301555
 0.024877589750978941
 0.025634047164780602
 0.025634047164780606
 0.025634047164780596
 0.009779491957804351
 0.090539774839213355
 0.0016472913149866981
 0.0015013090906986055
 0.0798085305436321
 0.53208352124005476
 0.010077786904323814
 0.010182800241556864
 0.047744153005108536
 0.026145234713994825
 0.028215014214959533
 0.028717855891283683
 0.028717855891283686
 0.13735290886412121
 0.0090397368457588757
 0.025103866726735643
 0.029382674011289734
 0.030124454176744312
 0.30720586406898037
 0.31449610309539561
 0.0413687546821623
 0.026619778379503696
 0.0028905626401269837
 0.005677771596534347
 0.010979258668953039
 0.002695216046651871
 0.0031138222186092271
 0.0065793007773126688
 0.0065793007773126688
 0.0069236678088953714
 0.0069236678088953714
 0.010589845433308525
 0.010122587222218532
 0.015397943075462172
 0.00019298844761571498
 0.00024434198284982054
 0.00021469847488827159
 0.00021110960023605128
 0.043507375971062107
 0.024333588322698638
 0.025464547055774864
 0.02659052740819447
 0.025464619046129303
 0.026592817707790803
 0.025190113120644272
 0.0067833207584082995
 0.045241004908029063
 0.0018545638238985139
 0.026151255449680721
 0.028596021490146447
 0.026523710441799162
 0.026523710441799162
 0.026523710441799162
 0.0069308328249120792
 0.0049667615218122688
 0.027466257563610073
 0.027466257563610073
 0.027466257563610073
 0.034255518889234865
 0.028917040280204986
 0.00176503792016296
 0.0022936550001997017
 0.0035038725930480841
 0.0037503413869356154
 0.011410464837850775
 0.0010894398580007948
 0.0012063274253530346
 0.00024909970837051055
 0.01200512579031731
 0.012194676656496015
 0.0052329371564247707
 0.08650446301132525
 0.38509503434628584
 0.0065039261372441051
 0.088639918356123684
 0.098492046905200553
 0.010615735270615623
 0.0334338468784472
 0.0065331641281934569
 0.046499338131769978
 0.034211841868249715
 0.1035937179851074
 0.0074905761034261917
 0.099908006126472423
 0.05941017182983141
 0.053498098914726573
 0.10739793440362144
 0.050814325223865885
 0.10739793440362153
 0.050814325223865864
 0.088115735215824817
 0.05321486892902904
 0.0074626748476977253
 0.014270390465007913
 1.0831647300979443
 0.029150015259411226
 0.030481271442843742
 0.03028991026529575
 0.031678195747027918
 0.030289910265295761
 0.031678195747027918
 0.010929349722487366
 0.0067770502421218388
 0.039245736131288421
 0.040401963438073188
 0.040394988500417721
 0.040120233017311394
 0.040646658300590145
 0.041195842545638274
 0.04327758630083655
 0.046451941626312235
 0.047005644385024234
 0.095414542212796341
 0.10541616154804066
 0.040582273635223945
 0.050522509931327821
 0.095675010253577761
 0.112000453143294
 0.10817107885347428
 0.11841505927298833
 0.10801291955897646
 0.11133590862706576
 0.10671976604359741
 1.0818901415504629
 0.052374589174152525
 0.0471712957002203
 0.031448628382349464
 0.032245099720138524
 0.024555547010118552
 0.024554627390931841
 0.05141226456361709
 0.014782570478429466
 0.011314063278618334
 0.072132341097710162
 0.00025830838772604762
 0.013891069224995724
 0.20599568501005353
 0.031750205572604995
 0.0088051028956726823
 0.027340031529837092
 0.068138137930042988
 0.054912107159631511
 0.050911934680748588
 0.013668454180870667
 0.013898331444951664
 0.30065646657743494
 0.091439220467038271
 0.0020881566553355773
 0.0041219303317557993
 0.0041199356284934057
 0.0045017565979538912
 0.001207659178962727
 0.11890105380969401
 0.11726958645449011
 0.10570093317357537
 0.12832072860016408
 0.0048913473450885349
 0.0080398789233897035
 0.0076062343316015118
 0.0086667913955679743
 0.0094521639681117917
 0.04659252952354425
 0.0081264145568133023
 0.049091081116948529
 0.040401320141284586
 0.083056457953971055
 0.0049883895933807865
 0.027897432853327818
 0.04226655008385418
 0.031290253311178955
 0.026114329246418197
 0.0098906394463670784
 0.0077155797068459916
 0.0025327111954409794
 0.0043867692565559436
 0.0087920253023583209
 0.040540459092671385
 0.019026747590160605
 0.031074350937940799
 0.0093071320841171014
 0.0097179940079523842
 0.0089628767706382735
 0.04045260459435087
 0.015129969005125489
 0.0097495036053803323
 0.016503585353604293
 0.002672976259843154
 0.024522889496991915
 0.0028806893841847631
 0.025652176045327414
 0.025652176045327428
 0.025652176045327428
 0.020871310681455001
 0.017398070386934868
 0.00013749965179331037
 0.00024390228872315378
 0.00015141876604679664
 0.00026474710891846715
 0.00026474710891846709
 0.00026474710891846709
 0.00026474710891846715
 0.00026474710891846715
 0.039700299554387995
 0.00028294390245597661
 0.019215667496680515
 0.019414073111241676
 0.090321471621461383
 0.059940482969668835
 0.12643670662272199
 0.11139892309561966
 0.089691660152220284
 0.053309493948964705
 0.053947703820794495
 0.053947703820794522
 0.053947703820794522
 0.053947703820794522
 0.060458953106165877
 0.030124454176744333
 0.020281061511965539
 0.020249839980839856
 0.021074991561476509
 0.021146120688583018
 0.022141193020933446
 0.022141193020933446
 0.021526099555112855
 0.048809557273651258
 0.024821640005138597
 0.024496645922872623
 0.02572713512683613
 0.02550849193765542
 0.026729409569719913
 0.026312317656072687
 0.026316556906147596


