# Created by Octave 5.2.0, Sun Feb 07 22:05:54 2021 -03 <kuroneko@kuroneko-VirtualBox>
# name: erJacobi
# type: scalar
-1.2857037578742447e-09


# name: kJacobi
# type: scalar
1


# name: tol
# type: scalar
0.0001


# name: kmax
# type: scalar
10


# name: reJacobi
# type: scalar
0.99999592125135539


# name: xJacobi
# type: matrix
# rows: 1138
# columns: 1
 0.98999999737101785
 7.8795111365102809e-08
 1.0892830489968776e-07
 1.0221269996883758e-07
 0.64277972554593077
 4.4377062634065908e-07
 1.6069882402841049e-07
 4.3394489654512521e-07
 0.43639971602688155
 0.069220871910066414
 -8.500259366273891e-08
 -8.500259366273891e-08
 6.1208398615674794e-08
 0
 2.040866380979253e-07
 2.040866380979253e-07
 2.040866380979253e-07
 2.040866380979253e-07
 2.040866380979253e-07
 -2.4992606938474359e-07
 -4.7796665637426741e-07
 -4.7796665637426741e-07
 -4.7796665637426741e-07
 -4.7796665637426741e-07
 -4.7796665637426741e-07
 3.8281837868448635e-07
 1.149937074878376e-07
 1.1499370748783759e-07
 1.149937074878376e-07
 1.149937074878376e-07
 6.8580936687141294e-07
 7.4238402538990541e-07
 -7.1183147336023105e-08
 8.7465352197789475e-08
 3.706057186272795e-07
 2.5837602187073169e-07
 4.7378583057819673e-07
 9.9532578031364813e-09
 6.2877476820269969e-08
 9.8744450125545865e-08
 -2.5416790636413876e-07
 -2.5416790636413876e-07
 8.7542341165249746e-08
 -1.0759147165967605e-07
 2.057926176975746e-07
 -1.5706007324620866e-07
 -1.5706007324620866e-07
 -1.7827749119771465e-07
 -2.1142061479611846e-07
 -4.6812929718258294e-08
 -4.6812929718258294e-08
 -4.9604539666087514e-08
 -8.4401329111215068e-07
 -8.8734280916301904e-07
 -8.4401329111215068e-07
 2.9921845336452354e-07
 -2.2624316619750293e-08
 1.7737753517184398e-07
 1.792038690019969e-07
 -1.3826802703446084e-07
 -5.6037603411587687e-08
 -1.5463793086219885e-16
 -5.4608277014436122e-08
 -7.4835794912152105e-09
 -4.1115221168803634e-07
 4.6632246989082003e-08
 1.8777563242813576e-07
 -1.9038787713283817e-07
 -3.1483460516800297e-08
 1.7739213701113909e-07
 3.070591974045207e-08
 3.777878138839591e-08
 3.777878138839591e-08
 1.8173478491301572e-07
 -1.6620017501838865e-07
 -1.7592836102526004e-08
 -1.4931639048941068e-07
 2.856554448267946e-07
 -2.7435616491682726e-08
 1.6575726721424394e-07
 -1.2076351663029966e-07
 1.8962035417415634e-07
 1.8962035417415634e-07
 1.1753637487774215e-07
 -4.4290501349729282e-08
 7.8113577250207254e-08
 -4.0806382267575178e-08
 -4.0806382267575178e-08
 -2.9667881179991523e-08
 -8.7192402891035323e-08
 2.3036277333954155e-08
 6.8644295110538952e-08
 2.6510005965751172e-07
 4.6414905914204511e-07
 2.8211491563155271e-07
 3.4187028880736014e-08
 1.2230432742084017e-07
 9.2512311445046706e-08
 -1.6992108996617095e-08
 -1.273920833670106e-07
 1.6021473188836213e-07
 -3.4674648646002642e-07
 6.6470774992477849e-08
 0.029203013044473633
 -1.7925205226525416e-07
 -1.7925205226525416e-07
 1.8834015816116908e-07
 4.4303970118035322e-07
 -1.8373480896955678e-07
 3.1149600723257838e-07
 1.674262334760592e-07
 -2.1618729305014086e-08
 -3.1224570158795932e-07
 7.3156190321244168e-07
 2.3612962041762025e-08
 -4.0648099293395869e-09
 -4.0648099293395869e-09
 -4.3796124799003721e-09
 2.1246168020418099e-07
 -1.4690284731761478e-07
 -1.3413827981174599e-07
 3.1816022040534438e-07
 6.7246004919497761e-07
 1.9472938574214408e-07
 2.1862276327735824e-07
 1.1931818545181803e-08
 1.019661809256496e-07
 1.0196618092564959e-07
 8.8393309159024876e-08
 -2.0483896022301501e-08
 -1.1612605448286676e-07
 -2.7981601001065409e-07
 -1.1116236978234259e-07
 -1.1116236978234259e-07
 -4.7268951522447778e-07
 -1.6256987415006107e-07
 2.8480384402962405e-07
 -3.557229454288612e-07
 1.4674364718063245e-07
 3.4472808000915072e-07
 -9.2178171198960302e-08
 2.0897709436338831e-07
 -8.8672924432952889e-08
 8.2526231375712367e-08
 -2.1706259956800829e-07
 1.457588898369721e-07
 2.6494513598800235e-07
 2.6494513598800235e-07
 1.3476421689530111e-07
 2.9096509720182595e-07
 1.8644573085500382e-07
 -1.0529585507455867e-07
 2.5124447731954347e-08
 1.1348826290235691e-08
 3.5812353248376083e-07
 1.4172832724101357e-07
 -1.3246419170650771e-07
 3.0203669375804307e-07
 2.5709750077942542e-08
 4.5777048725320323e-17
 -1.5938184500713573e-09
 -1.140355537780493e-07
 -2.308295480269224e-07
 1.3476421689530111e-07
 1.8130100908220505e-07
 1.8261418230400515e-07
 1.8387336996860442e-07
 2.738803603637143e-07
 2.1986320501849773e-07
 1.0846744132980289e-07
 -1.0371745730954408e-07
 1.5665306754479888e-07
 4.605771503298252e-07
 -1.2165546869765336e-07
 3.2989743450527095e-07
 -5.4766067068124888e-08
 -3.9142417889436013e-07
 -1.8349301625896054e-07
 2.5564047771063964e-07
 2.5383750746854585e-09
 2.5124447731954347e-08
 4.9813434114836575e-08
 9.4739750378220678e-08
 3.8669178241194715e-07
 4.9291321002728445e-07
 1.9075871815385702e-08
 5.666365231861999e-07
 3.6766362435595741e-07
 -1.1380903342128041e-07
 0
 1.7602761248318835e-07
 -9.874314253506769e-09
 2.4873138083838353e-07
 3.8239864392892897e-09
 4.0625434161053791e-07
 1.7739213701113909e-07
 7.1153510123261239e-08
 5.422167168572697e-07
 2.4660802688633916e-08
 -2.1499794698856095e-07
 -4.3478295624938086e-07
 1.7648052114344273e-08
 3.6911786050294866e-07
 -1.6620017501838865e-07
 5.5208327137733489e-08
 4.5605663995957003e-08
 -9.3190960823635956e-08
 -1.4846304270534849e-07
 4.122661383044537e-07
 -2.6496444546228299e-07
 2.3793475304744157e-07
 1.529438817836651e-07
 2.5299258530834937e-07
 -9.9490090794130044e-08
 -2.6496444546228299e-07
 -2.3992680987824269e-07
 -3.3290431122650412e-07
 4.0254090482025248e-08
 -5.3023407151681709e-08
 1.5149011678260893e-07
 -5.2971268705514743e-08
 -9.0563075948651248e-08
 4.9394152126786262e-08
 -7.1888229850369514e-08
 -2.200992756367119e-07
 3.7880310656774905e-07
 -1.0680173080432366e-07
 2.5164121386614518e-09
 2.5164121386614522e-09
 -5.3023407151681702e-08
 3.7969204800627016e-07
 1.9672822464194523e-07
 -7.3655731899884466e-08
 1.7291684889459953e-08
 -3.0065782181682556e-07
 -3.3316768929448757e-07
 2.8774028580449165e-07
 -4.2414607150921438e-07
 -2.2264584013893148e-07
 1.918072413363189e-07
 -1.048819418684664e-07
 -8.0402876490489723e-08
 -3.0065782181682556e-07
 4.3455893631616039e-07
 -2.7949169732481795e-08
 2.1629208760226844e-07
 4.1236985483880421e-08
 5.7731778975478902e-08
 -2.760000308427218e-07
 8.9841634097080749e-08
 -1.1739157532102059e-07
 5.8406952862169206e-07
 1.1551168957032659e-07
 6.9026162602581463e-09
 1.3863371104430282e-07
 -4.1848007335585074e-07
 1.004798383207651e-07
 4.1672273570851152e-07
 2.6462991770954862e-07
 2.8680111611024952e-07
 4.9790246058595162e-07
 4.6089380745920715e-07
 1.0957600970871224e-07
 7.7400917904538749e-07
 4.9964409077428765e-07
 1.9982544321876505e-08
 6.4527667267652965e-08
 1.5856716085861606e-07
 7.4621803882995774e-08
 -5.2043881100761927e-07
 2.6510005965751172e-07
 4.3781931742796345e-07
 2.4434380739166155e-07
 1.6077913993958656e-07
 -3.0735364280810663e-07
 5.9148226235386072e-07
 5.0143555092771789e-08
 1.2423258703139923e-07
 -1.4066660835156974e-07
 -5.2043881100761927e-07
 -2.2264584013893148e-07
 -5.2475792577205686e-07
 1.3621863036103482e-07
 1.4185051049257307e-07
 -5.4988472048508664e-08
 -3.3316768929448757e-07
 2.8774028580449165e-07
 3.6611503245975136e-07
 1.1846071121317986e-08
 -4.1848007335585069e-07
 -7.4997460519649824e-08
 -9.4203169790331017e-08
 -1.2778638578213587e-07
 -1.2778638578213587e-07
 1.3397313548146043e-07
 8.9993988403455345e-17
 3.3773740906429616e-08
 1.4217884740104979e-07
 1.2239712102802326e-07
 3.9498595568082508e-07
 4.9375979117615424e-07
 7.624631968947382e-08
 4.407789828512045e-07
 -3.0902772612721911e-08
 7.5739252362859417e-09
 -1.8582680377095934e-07
 1.6454465752618165e-07
 -1.3569073372286708e-07
 2.5938578318163986e-07
 4.1750819708140077e-07
 9.0674776104887705e-07
 3.7063825045824625e-07
 5.8406952862169206e-07
 7.6994567493943568e-07
 1.7179062085579519e-07
 1.6222784878058096e-07
 -6.839939989317685e-07
 4.7270103677809896e-07
 6.1866468822919795e-08
 -5.2043881100761927e-07
 -4.3177058928142979e-07
 -1.1536113944835648e-07
 -1.1144535479067536e-07
 3.6087322045405477e-07
 5.0011466271994425e-07
 7.8286105938711813e-07
 2.6035413222948111e-07
 3.1149600723257838e-07
 6.9620307597065278e-08
 3.3041696459174835e-08
 1.9562711545074419e-07
 1.9929686537347022e-07
 2.1181279968897401e-07
 2.1181279968897401e-07
 2.1910155809779873e-07
 3.9490912887804647e-07
 5.6361902476784635e-07
 4.7018593946158652e-07
 4.7074776625478052e-07
 5.2050317340934276e-07
 2.9382622878414536e-07
 4.2020811720505543e-07
 7.4481992092191606e-07
 8.3590974269711255e-07
 4.6411129862257593e-07
 8.180924582120347e-07
 2.1114824302448827e-07
 1.6647798694935341e-07
 4.6068265056451141e-07
 6.3686912162705076e-07
 7.1653118685449783e-08
 -2.1959094411454517e-07
 -1.6227578107699015e-07
 1.1565782659052725e-07
 4.9167834424162917e-07
 -8.6100205027764747e-08
 -1.3386795157023555e-08
 -6.7242204063025868e-08
 2.8905280358102974e-08
 3.0181344597218517e-07
 -1.2836235813790146e-07
 1.5423667081078251e-07
 1.3249614978543487e-07
 1.3249614978543487e-07
 1.3249614978543487e-07
 2.1442224541283452e-07
 -3.7261417971723247e-07
 -5.6704287184193996e-07
 0
 3.6461113292083976e-07
 -2.0862947577875294e-07
 -5.9062194485924652e-07
 1.3249614978543487e-07
 1.3249614978543487e-07
 4.3307988680885804e-07
 4.3307988680885804e-07
 4.3307988680885804e-07
 4.3307988680885804e-07
 4.3307988680885804e-07
 4.3307988680885804e-07
 4.3307988680885804e-07
 -4.0437896225680508e-08
 1.2481070849972585e-07
 1.2481070849972585e-07
 1.2481070849972585e-07
 1.2481070849972585e-07
 1.2481070849972585e-07
 8.6785791093078998e-08
 2.9364214021230538e-07
 8.6785791093078998e-08
 8.6785791093078998e-08
 5.6071128878699044e-07
 -1.9168461852461444e-08
 -2.8377756407328376e-08
 -2.7803779387202809e-08
 1.686836394245946e-08
 2.1867061115651184e-07
 -9.2601126498540766e-08
 -2.7803779387202809e-08
 -5.0019542005867514e-07
 8.0761289801897639e-08
 8.0761289801897639e-08
 1.5423667081078251e-07
 1.0052655732962961e-07
 2.0376523450730644e-08
 -6.4350727457209837e-08
 8.9390243456878881e-08
 -2.1959094411454517e-07
 -2.0668564872882997e-07
 -1.8542428616497254e-07
 4.7416768699305563e-08
 3.509889204889532e-07
 1.3191749497592219e-07
 4.5477152510420132e-07
 4.5477152510420132e-07
 2.9904023239359276e-07
 2.9904023239359276e-07
 -2.5472353061602851e-08
 -2.5472353061602851e-08
 -2.2131792507627335e-07
 -2.2131792507627335e-07
 -2.2131792507627335e-07
 -1.0192995379721895e-07
 -2.8091298987737063e-07
 -1.906050026953152e-07
 2.9141082191456444e-08
 -1.906050026953152e-07
 4.2440171362443934e-07
 4.2440171362443934e-07
 4.2440171362443934e-07
 7.3051523000666542e-07
 7.3051523000666542e-07
 3.3230934170180892e-07
 3.3230934170180892e-07
 2.9851276391345606e-07
 -1.3496744686064946e-08
 8.7470171815350739e-08
 8.7470171815350739e-08
 2.5177820771884124e-07
 2.5177820771884124e-07
 2.3348174093858018e-08
 2.3348174093858018e-08
 2.9465259160621601e-07
 -2.9413943285558788e-08
 -3.9611135846586655e-07
 -3.9611135846586655e-07
 1.5763930314604181e-07
 -4.996739615863099e-07
 -2.4482821055144785e-07
 -2.8716372920584892e-07
 -2.8716372920584892e-07
 2.3215363032051582e-07
 2.3215363032051582e-07
 -9.7629236597521978e-08
 -9.7629236597521978e-08
 6.5042738707571551e-07
 6.5042738707571551e-07
 2.537075557574368e-07
 2.537075557574368e-07
 1.4682371598677339e-07
 1.4682371598677339e-07
 4.9272326740669734e-07
 4.9272326740669734e-07
 -1.0679721352400166e-07
 9.5115450528440595e-08
 -3.1072034055410114e-07
 -3.1072034055410114e-07
 -1.8166972439082427e-07
 3.8907802393904658e-07
 -1.4929755716860845e-08
 3.3250226924607364e-08
 3.3250226924607364e-08
 -1.0001745119448999e-06
 -2.625503692976216e-08
 1.9023541064445299e-07
 -4.3156837707100039e-08
 5.0465621274039901e-07
 3.9850130578044223e-07
 -1.1134253885324772e-07
 -2.6557835552814287e-07
 -9.3786326695395953e-08
 -2.0383556727516815e-07
 -8.1315454049719977e-08
 -1.5470963296988063e-07
 4.5869333204058266e-08
 1.2810551205328716e-07
 1.2028312725836827e-07
 1.2028312725836827e-07
 -4.0093098884136711e-07
 -4.0093098884136711e-07
 -1.015587159008141e-08
 2.3184676748862636e-07
 6.3570138719414308e-07
 1.3674007559535301e-07
 3.7775192257043742e-08
 -1.921476921902201e-08
 -1.5355157093434317e-07
 7.2719369111271204e-08
 2.2251695393867248e-07
 2.2251695393867248e-07
 5.908552620741825e-08
 -1.7367071688668688e-08
 1.4376314349685553e-07
 1.6086340925351824e-07
 2.372446113486737e-07
 -5.2889237969457396e-08
 1.1879461843469797e-07
 -2.071297203832685e-08
 1.5262426750703752e-07
 6.286822068119383e-07
 -1.5286508784323705e-08
 3.3111876183168563e-07
 8.8526169280825408e-08
 -2.9241246819215048e-08
 -1.0558190429592735e-07
 -1.2366319322822369e-08
 -2.4464532701127025e-07
 -1.0558190429592735e-07
 -3.1238872837566545e-08
 9.072599989455806e-07
 -2.9594837260535882e-08
 -2.0512151126156632e-07
 1.4581231763500686e-07
 -3.0385897784720301e-07
 -2.5601185949122537e-07
 8.2529086797881205e-08
 1.250357637360415e-07
 1.8184698947818335e-09
 1.8184698947818335e-09
 2.0042744055583311e-07
 8.6990942611030632e-08
 1.0764257862391724e-07
 -3.0385897784720301e-07
 9.8908088722840569e-08
 1.8377062558849746e-08
 -8.8990163293309749e-08
 4.4023479383255496e-08
 -2.8870789049666504e-07
 -8.8990163293309749e-08
 6.8640920490358543e-08
 3.8907802393904658e-07
 9.7650631477375994e-08
 7.7588447013716116e-07
 -3.6160163339339895e-07
 -1.2508282515305848e-08
 1.6128999607341875e-07
 -3.034453428826956e-08
 -3.0475178313528845e-08
 1.2562668083539648e-07
 -3.1618501149161372e-07
 -1.0578927034354976e-07
 8.2991330671511919e-09
 1.8629873017455416e-07
 1.298848104720971e-07
 2.2558422571550576e-07
 1.2938974196541163e-07
 1.484390837803074e-07
 -1.5378761076168584e-07
 1.0158350396719425e-07
 7.1179018356390295e-08
 4.5392938784691276e-07
 8.6635522346953193e-07
 0.17818154499919578
 9.026036036029821e-07
 3.1655937932066004e-07
 -2.6623817977608932e-07
 0.047752676057324417
 -4.1635777802080344e-07
 1.5286210189898664e-07
 1.1839653546130757e-08
 -1.1003067118709352e-07
 2.8206230406735846e-07
 1.121103462824846e-07
 1.298848104720971e-07
 -2.8060395328125017e-08
 5.3565880236002821e-08
 -3.6901568884836012e-07
 2.1446050547427419e-07
 4.1844948100811076e-09
 -2.4228844125639639e-07
 -5.9930181898070722e-08
 2.3545997837600464e-07
 3.4362220138455412e-07
 1.2106735335368257e-07
 2.083091233729262e-07
 -1.6241320017371708e-07
 -1.9978901166100562e-07
 1.7321167940149349e-07
 0
 2.9415540821833328e-07
 2.5793725064695501e-08
 2.066462604691112e-07
 9.7402660693530076e-08
 -1.9642954651549926e-07
 3.3504975336833585e-07
 2.6794139179792157e-07
 -2.1159875148133531e-08
 -1.9978901166100562e-07
 -3.1429019132147203e-07
 -3.610034192154022e-07
 8.8858274945526258e-08
 5.3605518198515288e-07
 2.4788133083102982e-07
 1.5695723068742709e-07
 4.6932999188371599e-07
 8.9094439752153195e-08
 2.8984295513691026e-07
 7.7981027912857235e-08
 -4.4432167268881107e-08
 1.6800221396003191e-07
 2.5595505011209434e-07
 1.5695723068742709e-07
 2.70816982102765e-07
 -1.9978901166100559e-07
 1.6559909213559289e-07
 2.9415540821833328e-07
 -2.0638414956728604e-07
 -2.1272735091886904e-07
 -2.0139010255732547e-08
 -1.5211712294997684e-07
 -1.7230659960811466e-07
 -3.8132094795593409e-07
 3.0885001946807123e-07
 1.3439218293710569e-07
 -1.9987065812073899e-08
 -6.8838647986496474e-08
 -2.9947322668947733e-07
 2.5292091289868972e-07
 -6.2857467141203706e-08
 -2.0155802165921765e-08
 2.6263459400022018e-07
 -6.5154063528768081e-07
 8.8858274945526258e-08
 -6.291349528051084e-07
 2.7868946247357869e-07
 3.5673549653351119e-07
 -6.2857467141203706e-08
 1.3439218293710569e-07
 -3.6359942378029043e-07
 5.3605518198515288e-07
 -5.153604699192165e-07
 5.0115434274486038e-07
 -6.2857467141203706e-08
 3.8008701509562395e-08
 -9.3073356627158014e-08
 2.7714876554327617e-08
 1.8448161905927237e-07
 -1.1420805262117286e-07
 -1.7969988540481587e-07
 -2.0704139064954714e-08
 4.2354252412465296e-07
 1.1961365869153851e-07
 9.940040612104042e-08
 4.9662276355040892e-07
 -2.5923351403999098e-07
 1.9381089933489086e-16
 -5.7092775549539008e-07
 -3.0206632391670724e-08
 -5.2007103718289015e-08
 -9.7195492631453456e-08
 7.8264954776286199e-08
 6.1940499009195953e-08
 2.4965928038392029e-07
 2.7264841794555324e-08
 -6.3045167925206071e-08
 1.5383092094636902e-07
 -2.1553535745606009e-07
 -6.3961784442346517e-08
 8.3656924358857229e-08
 -8.046591434581291e-09
 1.2868358522834136e-07
 -7.3288495144480087e-08
 2.0593549284078842e-07
 -5.8720147545159652e-08
 -6.6176511370759024e-08
 2.7770571401985681e-07
 2.0961420232495813e-07
 -8.8713162087466065e-08
 4.3736682350285638e-07
 1.8101785377475916e-07
 4.1803460637094392e-07
 4.1253123144125553e-07
 -1.0155483491414601e-07
 -1.0155483491414601e-07
 -4.6041781208036521e-07
 -4.1926076878426283e-08
 -4.1926076878426283e-08
 1.0013510494296648e-07
 -8.7383279902505587e-08
 -5.5589882700156164e-07
 -4.6077500623532837e-07
 -4.6077500623532837e-07
 2.3038426048815592e-08
 -3.7152515615420647e-07
 -2.5120992168497555e-07
 3.9498595568082508e-07
 -2.9965415254941769e-07
 -2.9965415254941769e-07
 2.2817113087506056e-07
 2.3180680823199266e-07
 1.674262334760592e-07
 2.0342997893907082e-07
 -2.1706259956800829e-07
 2.4464636366179018e-07
 3.4187028880736014e-08
 6.3570138719414308e-07
 8.6715009301654324e-07
 -4.1093697740032235e-08
 -1.2885084908555962e-07
 3.4463631895805803e-07
 5.1630678652552802e-07
 3.0319597903343296e-07
 3.0319597903343296e-07
 4.4315275742716834e-07
 7.1061976870992071e-07
 2.3357716983049712e-07
 3.4279394873354879e-07
 2.2319848529719387e-07
 2.2319848529719387e-07
 2.2319848529719387e-07
 2.2319848529719387e-07
 2.2319848529719387e-07
 2.2319848529719387e-07
 4.9493475603345409e-07
 -1.9587415016236937e-07
 6.9202717364402382e-07
 2.3619814870425341e-07
 2.3448056002570942e-07
 5.4004013048644671e-08
 5.2653585106775418e-08
 -2.3207900212606153e-08
 -1.273920833670106e-07
 1.290971223947915e-07
 3.8345556140904948e-07
 -1.2279406223525477e-07
 5.1465818508072213e-08
 -1.2279406223525477e-07
 5.146581850807222e-08
 2.7352932395853882e-07
 -5.7634432882756057e-07
 -1.5955820728739319e-07
 -9.5524256317096026e-08
 -2.0899848599950601e-07
 -9.6612643544197752e-08
 -1.9238577361199074e-07
 -2.0021834222251791e-07
 0
 -7.9677019375560019e-17
 3.214489412950188e-07
 -1.4263555108030557e-07
 -1.4263555108030557e-07
 -1.4045348221615248e-07
 3.214489412950188e-07
 9.8304444905996486e-08
 -1.3147661060272058e-07
 -5.2664517893086814e-08
 1.275140053733462e-08
 0
 -2.6332074830388045e-07
 1.4739148396174718e-07
 2.9171390029361187e-07
 -6.6527451578486941e-08
 -6.6527451578486941e-08
 -1.3147661060272058e-07
 9.8304444905996486e-08
 3.3729179686790053e-07
 2.9171390029361187e-07
 4.0084203324508148e-08
 4.0084203324508148e-08
 4.2039889093625953e-07
 -1.2171429216099097e-07
 -1.7408637834548437e-07
 -1.3780373913208501e-07
 -1.3780373913208501e-07
 -1.2200158657132612e-07
 -1.9324907207238482e-07
 1.3297124509905057e-07
 5.6996435970199961e-08
 9.2411484938101233e-08
 3.1259154148731251e-07
 -7.7614628351411442e-08
 -4.7136938551915651e-07
 2.3183507131993398e-07
 -2.4011931481520246e-07
 -1.9653957437640955e-08
 -5.8213140334955482e-07
 6.4003758948344418e-08
 -2.2764857010790787e-07
 1.3611086008748261e-07
 -3.4979170220152485e-08
 -3.4979170220152485e-08
 -4.1344683943354436e-08
 4.4433659266285103e-07
 1.329847275724545e-07
 -3.4516026335544399e-07
 9.6488513751331133e-08
 -1.8629742568562936e-07
 -6.326283490696914e-08
 3.5202537118039126e-08
 1.0576918370333847e-07
 -1.3780373913208501e-07
 -4.5102572090544934e-07
 3.9079302845820067e-07
 3.9079302845820067e-07
 4.7564498469772666e-08
 3.6969222793502358e-07
 -3.2514890169630168e-08
 9.0660299659550137e-08
 -3.4425867638841569e-07
 9.9301768076942796e-08
 9.9301768076942796e-08
 5.3109632835195932e-08
 -8.8475122038153245e-08
 -3.3035240087899093e-07
 -3.3035240087899093e-07
 -8.5048385066245284e-08
 -1.2360439630677318e-07
 -1.2360439630677318e-07
 2.2165303205401885e-07
 2.2165303205401885e-07
 4.8401000430933635e-07
 -3.9155113748419964e-07
 4.2039889093625953e-07
 0
 2.2216829633142551e-07
 -8.8672924432952889e-08
 8.2526231375712367e-08
 4.0486274742258675e-07
 3.2095351318840841e-07
 1.2271593707587992e-07
 4.8286378556588851e-07
 2.7026904623911343e-08
 6.5113521490926366e-08
 9.9583141412669258e-08
 3.7922621435974328e-07
 3.2425415575568668e-07
 4.0486274742258675e-07
 3.5757887720862523e-07
 3.2095351318840841e-07
 1.2271593707587992e-07
 4.8286378556588851e-07
 2.7026904623911343e-08
 6.5113521490926366e-08
 9.9583141412669271e-08
 3.7922621435974328e-07
 3.2425415575568668e-07
 3.456535791182992e-07
 5.6003097946939545e-07
 -5.0700698090489107e-08
 2.9081184036615653e-08
 -1.8152973272309026e-07
 3.5556379193475541e-07
 3.2703532168869042e-07
 -5.0700698090489107e-08
 2.9081184036615653e-08
 -1.8152973272309026e-07
 3.5556379193475541e-07
 -3.0514223297089853e-07
 3.5757887720862523e-07
 2.9379117594684468e-07
 2.9379117594684468e-07
 6.8830317134738314e-07
 6.4694049007921296e-08
 1.1409043723024567e-07
 1.1409043723024567e-07
 1.9740543814796754e-08
 1.7005706343065669e-07
 -7.5535679093934282e-08
 4.3675843492751815e-08
 -2.0488295740519215e-08
 -2.5962260327370865e-07
 -2.291074306894023e-07
 2.2479055483022484e-07
 1.7215023668763556e-07
 2.7828405996357058e-07
 6.063929567591538e-07
 1.1515417420043884e-07
 2.9406155350256296e-07
 -2.291074306894023e-07
 -3.9155113748419964e-07
 -2.291074306894023e-07
 -4.2108056817005521e-07
 1.1515417420043884e-07
 -2.3031650052181009e-07
 -2.2553640823675575e-07
 -1.1355938211031257e-07
 -5.1496884688693602e-09
 6.0835429625280576e-07
 2.649134346976461e-08
 -3.3648986678991571e-08
 -3.3648986678991571e-08
 1.8965928618329279e-07
 1.8965928618329279e-07
 2.4000932525510078e-07
 -8.5242616697426707e-08
 5.9375411981904147e-08
 3.6746974372349405e-07
 8.2050262138666107e-09
 -4.4383280169425063e-08
 -4.4383280169425063e-08
 -5.4333044138204538e-08
 3.2588411147694219e-08
 1.3101864349112727e-07
 -8.3455212802693634e-08
 -8.3455212802693634e-08
 5.9814409533937949e-08
 8.7639107937952762e-08
 -2.6425405836646346e-07
 1.0385169955075542e-07
 1.0385169955075544e-07
 2.5834252610355235e-07
 3.8489324205773642e-07
 4.5097014304280847e-07
 1.9683966208398527e-07
 -2.3579455685925881e-07
 -1.0125579400060722e-08
 4.8094304770324206e-08
 -2.8679066390282639e-08
 -2.1602413436328508e-08
 -3.4425867638841569e-07
 -1.8818935746912151e-07
 2.0857471586966582e-07
 -6.398090586603475e-08
 2.1352738907968016e-08
 2.1352738907968016e-08
 -3.4742531199739619e-07
 1.5034621562889988e-08
 -8.4233530435325265e-08
 -8.4233530435325265e-08
 1.4507013303788193e-07
 1.4507013303788193e-07
 3.7205367758939771e-07
 1.6641044163109418e-07
 1.6641044163109418e-07
 -6.504898544100294e-08
 5.2965509085299767e-07
 -1.3870166797788684e-07
 1.968396620839853e-07
 -1.1124925193608292e-08
 2.1364895801295563e-08
 5.6791324151388186e-08
 1.6641044163109418e-07
 0
 1.722006566506282e-08
 -5.0099384414669926e-17
 -1.2851686388670976e-07
 -6.504898544100294e-08
 2.5116149898000087e-08
 7.0902368528240053e-07
 -2.8766011197261157e-07
 9.6347198298867683e-09
 5.7978601934779434e-08
 -1.9048576855215935e-07
 1.0379914234295929e-07
 -3.5147595484179369e-07
 -2.8766011197261157e-07
 -8.7913549607024806e-08
 -1.3006288582697764e-08
 1.0379914234295929e-07
 1.4442705135623667e-07
 5.1388393404169248e-08
 2.8995159125993422e-07
 1.7423122993792607e-07
 -1.3179587029933247e-07
 -1.3001385192704855e-07
 4.9734866168642502e-07
 -4.4870671389731085e-08
 1.0003954726828841e-07
 6.9942729052531689e-08
 6.9942729052531689e-08
 7.1752551203723125e-07
 5.5572069370711425e-07
 1.8976575101269152e-07
 -3.5360940640829499e-07
 9.63471982988677e-09
 -3.0305608767636392e-07
 -3.0305608767636392e-07
 2.0435296191930564e-08
 4.5197229582835074e-08
 -2.9011657434318581e-08
 8.7289922333520339e-08
 8.7289922333520339e-08
 -6.3665587731035648e-07
 8.7289922333520326e-08
 -6.7808969719152176e-08
 -3.4162018061306993e-07
 1.3095839173869004e-07
 -1.0028977721170992e-07
 -9.7197440198668072e-08
 -9.7197440198668072e-08
 -4.0112112555008192e-08
 -4.0112112555008192e-08
 -3.5420801241437491e-07
 -3.5420801241437491e-07
 -1.1358715721790886e-07
 -5.2590735394302601e-08
 -1.1705795104997433e-07
 -1.8863082839064924e-07
 1.3095839173869004e-07
 -1.5378761076168584e-07
 -3.0327818584334399e-07
 1.5474961381104999e-07
 2.5643748793141708e-17
 1.5434790332817873e-07
 -1.084915936717953e-07
 -7.8446470184134743e-08
 -7.8446470184134743e-08
 1.2051664883786348e-07
 9.4283383758660613e-07
 9.4283383758660613e-07
 1.7905583867663597e-07
 1.7905583867663594e-07
 4.8110053445607297e-08
 -1.0849159367179531e-07
 -1.4390082976052224e-07
 1.3971255125628143e-07
 -1.4390082976052224e-07
 9.4283383758660624e-07
 1.0148003666375044e-07
 8.4693600721047406e-08
 1.1252705500145273e-07
 9.4283383758660613e-07
 1.8567194568240144e-07
 -1.8159447688974631e-07
 3.3363173117270963e-07
 2.9411736175199749e-07
 3.3219404903177626e-07
 4.6106422789451328e-07
 -3.1725255050181323e-07
 6.1198530404925139e-08
 6.1198530404925139e-08
 1.6700461296675161e-07
 1.0148003666375043e-07
 3.1561168375857711e-07
 -1.7653475354686591e-08
 -1.7756431773265727e-08
 4.8110053445607297e-08
 4.8110053445607297e-08
 -2.0679126055228661e-07
 4.0733559889825362e-07
 3.2109526763027438e-07
 -1.1420805262117286e-07
 3.8341199630233942e-07
 2.2396823281349272e-07
 5.3553557273657378e-07
 -5.6955120540402078e-08
 7.1276566077912105e-07
 9.940040612104042e-08
 5.4729012101704633e-08
 -2.8716968357778893e-07
 -3.3989917847073359e-07
 -4.0659147897327051e-07
 7.7815940960619178e-07
 3.6522878607732128e-07
 -5.3141474719450664e-07
 -4.3102269532668369e-08
 6.0463609313720182e-07
 -1.2217043977668336e-07
 3.9989694599498166e-07
 -9.3073356627158001e-08
 3.014013091494061e-07
 1.2516725623416999e-07
 3.1650133767058978e-07
 2.3812437620715655e-07
 3.8274025996501725e-08
 3.1129896924536794e-08
 1.4380504409706583e-07
 1.3624217239874145e-07
 2.6159429217405559e-07
 -1.542345946618984e-07
 3.5476164913098802e-07
 3.9319018332284027e-07
 5.1420726283455855e-07
 5.7666870285852167e-07
 6.1088327836765789e-07
 1.7060920162260403e-07
 1.8836542648324107e-07
 1.5488439601044893e-07
 0
 -1.4264096412978471e-07
 5.7666870285852167e-07
 6.1088327836765789e-07
 1.983029230793356e-08
 1.5488439601044893e-07
 1.4101086865773306e-07
 3.9970383975782933e-07
 4.1512888605842936e-08
 4.8592977093168571e-07
 5.3388402998852225e-07
 -3.4141126280546942e-07
 -2.5545858287854657e-07
 2.7344111345891679e-07
 -3.7536663551998868e-07
 3.9618029482766379e-07
 -1.8103798298279946e-07
 2.0707784182206369e-07
 1.8029257866194051e-08
 -3.4627278177738896e-07
 -3.4627278177738896e-07
 1.8973215865849188e-08
 -5.2346137975866955e-08
 1.035156501949044e-07
 2.0707784182206369e-07
 3.721727775555513e-08
 -5.3145647453732138e-07
 4.5467033197643334e-07
 2.0707784182206366e-07
 -2.5545858287854657e-07
 4.5467033197643334e-07
 -1.5706793414340785e-07
 7.4606868420993015e-08
 3.6318975302725865e-07
 -1.5796037288346105e-07
 -1.8304768759766231e-07
 -1.8304768759766231e-07
 -1.8304768759766231e-07
 0
 3.721727775555513e-08
 -2.3709146198720042e-08
 -2.8930841079543513e-08
 -3.6499218141717173e-07
 -6.7431803480343588e-08
 -4.2830059884756678e-07
 -2.0322574754213753e-08
 -8.5242616697426707e-08
 2.4000932525510078e-07
 -1.9324907207238482e-07
 -5.8213140334955471e-07
 -3.3340125304806256e-07
 -2.8679066390282639e-08
 2.1655924613071724e-07
 -2.2764857010790787e-07
 2.0857471586966585e-07
 5.2965509085299767e-07
 -5.8325825529263947e-07
 2.9912959811184004e-07
 -4.5102572090544934e-07
 4.7564498469772666e-08


