# Created by Octave 5.2.0, Sun Feb 07 20:20:15 2021 -03 <kuroneko@kuroneko-VirtualBox>
# name: erSOR
# type: matrix
# rows: 1
# columns: 10
 1.0000000884747777 0.62030366018190553 0.24262640781386208 0.68652090029383783 0.29680284295714537 0.66383940860360124 0.5702587944318368 0.15797818472575878 0.35427798171407232 0.42731377562440315


# name: kSOR
# type: scalar
10


# name: tol
# type: scalar
0.0001


# name: kmax
# type: scalar
10


# name: w
# type: scalar
1.8999999999999999


# name: reSOR
# type: scalar
0.9998449062678717


# name: xSOR
# type: matrix
# rows: 1138
# columns: 1
 0.99490532707303869
 0.30446214520297588
 -0.010275842515428416
 0.0036839086069855014
 0.90960813123485995
 0.0011738721592563211
 0.0013489793434528093
 0.012679645487586239
 0.87251794887414003
 0.4415053669177656
 0.012765635862076026
 0.10032478137240154
 0.16454855254332418
 0.0015478518146440981
 0.0010552649692617462
 0.0012019298130786808
 0.0012019298130786812
 0.0012019298130786812
 0.0012019298130786812
 0.00073638683610255243
 0.00080871738237836641
 0.0008820294132143372
 0.00088202941321433698
 0.00088202941321433698
 0.00088202941321433698
 0.002283073838942936
 0.0043266980538083245
 0.006363132121351282
 0.0063631321213512802
 0.0063631321213512802
 0.010552171095795853
 0.011553918339092875
 0.011455609962170415
 0.041205977668619651
 0.013893665365163578
 0.0006053105353357722
 0.0024714526561964386
 -0.0010995947373383594
 -0.012902522894330935
 7.274011834324033e-05
 7.9896031567286202e-05
 9.4619916706332991e-05
 1.9390679496229305e-05
 0.00010836464410013778
 0.00011389801758384088
 0.00010546769439837624
 0.00010546769439837628
 0.00017336466803286079
 0.00042128273765894151
 0.00044204104600129241
 0.00053570609967170876
 0.00057297706465634572
 0.001014305093413509
 0.0013339390007679898
 0.0013091276395668511
 -7.442877120758094e-06
 6.5242664407343863e-05
 0.00026709887204143733
 9.4635101585698137e-05
 9.3290995358759631e-05
 0.00024827987658300194
 0.00060336758036954187
 -7.322836802450884e-06
 0.0001461211123406391
 -7.7435593554190085e-06
 0.00011305169491616221
 0.00013675945068020975
 0.00012833616773103745
 0.00025945946131064888
 0.00036515969072869765
 0.00039315911689485449
 0.00072038512955999059
 0.00088222864499303997
 0.00062994686428587338
 0.00020280681513352755
 0.00093389625433273101
 5.9375808175213078e-05
 0.002066997620813602
 0.0039331847589716539
 0.0013882088654971626
 0.0011930334762778709
 9.4044460828207201e-06
 9.4044460828207184e-06
 1.9306160552830536e-05
 0.00027591116929343316
 6.2187306624891879e-05
 8.3151384186848164e-05
 9.6827688555487055e-05
 1.6631099463900987e-05
 0.00014324586420715513
 0.00018003365337788361
 0.00016266404891060259
 6.4324461718350662e-05
 1.8031733714812306e-05
 2.0365507763887989e-05
 3.2925131463511327e-06
 1.7181803641478014e-05
 -0.0098404958677124673
 -0.00086520568662806481
 0.012389405083668365
 0.00091449158940599528
 0.0010599836778296642
 0.0014383813512961151
 0.13802619176543202
 -9.8967180067895591e-06
 -7.3097223024006833e-06
 3.8385775762950154e-05
 4.3846451263566398e-05
 -1.5957288817696043e-05
 3.5017526833734319e-05
 1.8571579868441355e-05
 -4.4747740146372516e-06
 -2.8553296052631272e-05
 7.2701739720479661e-05
 7.6860034934414132e-05
 0.00025759173179129417
 0.00028168245467780745
 0.0006466234337320451
 0.00090383697033004308
 0.0013007762018724569
 0.0018768067471854187
 0.0014564972114798672
 0.0013822784786744636
 0.001163211441279224
 0.0013565043321710204
 0.00052163042520753512
 0.001444801773288176
 0.0026446906734156547
 0.0012444512673841781
 0.00038292403607698058
 0.00015828852859505111
 0.00016816506563989973
 0.00025535604178410698
 0.00033405694185999738
 -4.3603513351468616e-05
 7.552860803279886e-05
 4.6383198781513441e-06
 4.7816134335717684e-06
 6.6804844763936474e-06
 -3.4612037434460506e-06
 4.7354839348104076e-05
 4.7534241805419841e-08
 -9.311215284291004e-06
 8.0659427938242298e-06
 -2.0941165655238968e-05
 2.0647424434574537e-05
 2.1997788696487012e-05
 2.4311301131705148e-05
 1.2363473932121338e-05
 0.00022250248585524305
 -1.6388924981112021e-06
 7.8179806269943178e-07
 0.00010332641327655707
 1.0789482961250697e-06
 2.5261465973639727e-05
 0.0013804704374136365
 8.7459438732584821e-07
 0.00013324723262123943
 9.4387359174953102e-05
 9.2977920090092888e-05
 4.8966517273471288e-05
 5.714491827859637e-06
 1.5898856782453611e-05
 1.2363473932121338e-05
 5.7636556906359612e-06
 1.9166978039963453e-05
 5.4043858799103118e-06
 1.8349432837282154e-06
 8.8357783991335401e-06
 5.8394318440509552e-06
 -5.7070725163828087e-06
 0.00017928613607195017
 0.00031275194845321153
 5.0571898441821134e-06
 7.6882378302617338e-06
 1.1576796947244768e-06
 1.8208798695301583e-06
 -3.5285292107323278e-06
 3.8536357471595556e-05
 1.2523335711859877e-06
 0.00010332641327655707
 0.00013448323202085302
 0.00016411001770354802
 0.00034843238165747578
 7.1797024631327997e-06
 1.4998972972719474e-05
 1.4335600683319655e-05
 1.6670411287766043e-05
 5.2617426675556043e-06
 3.7344399000340777e-05
 2.4679934728813305e-05
 3.3892911848945519e-05
 0.00010223871351737059
 7.2585036877410246e-06
 1.7609323141036336e-05
 0.00045329691687491416
 2.3507745489019718e-05
 3.7076751624824008e-05
 5.7507131351323973e-05
 8.8055429473187695e-05
 0.00012064411275109078
 8.9159703447586264e-05
 6.976256267535958e-05
 0.00028034441434513185
 0.00015448368942240983
 1.089708727067833e-05
 6.783499567897933e-06
 4.7050872666277801e-05
 4.3667118911560922e-06
 -5.4347935042944263e-06
 1.9227297090411436e-05
 2.8369386363789753e-05
 0.0018699891369572679
 -5.5874564650438003e-06
 -3.6323593733822296e-06
 1.2197004363349033e-05
 -3.7028423443708003e-06
 2.4357473744166567e-05
 4.5989673816044517e-06
 1.3915619651616942e-05
 0.00014182138588318379
 7.4498328779810496e-05
 6.3550446589720331e-06
 6.4105723397120411e-06
 0.00012064707397113939
 0.00019453380026906615
 1.4043467519804233e-05
 1.4279498500461984e-05
 2.0450216610274655e-05
 8.0386591511485259e-06
 1.1637308841288649e-05
 1.4118419034494931e-05
 0.00011809779784363846
 3.9812216970479898e-06
 -3.0932850537325018e-06
 -1.0930916995509778e-06
 -4.4783590417048934e-06
 -3.6240335493923888e-06
 -2.517975730956247e-06
 -7.150048810289526e-07
 1.8166646409230357e-05
 2.0025505361761633e-05
 -1.8834233815095425e-06
 1.9220676016384427e-05
 2.4030554198149237e-05
 2.9142891508853241e-05
 -6.9387699681309046e-06
 -7.6125166318559304e-06
 1.1220511617013514e-05
 -2.0913222090658175e-05
 4.8487076440356471e-05
 7.2074379400406858e-05
 4.5277881771294118e-05
 -7.5116016275423953e-06
 -8.2954180358608757e-06
 -2.5275874289691616e-05
 2.8034827293238587e-06
 2.4607779282874633e-06
 -2.2590498461063455e-06
 -8.6251251055771358e-06
 3.0598431950604646e-06
 2.0419916920598397e-05
 -1.6402845503679497e-05
 2.4331216854998634e-05
 2.8369323097192483e-05
 1.8642912802625724e-05
 5.5624003508304874e-05
 9.6131478480555732e-06
 7.5730404487890456e-05
 -1.7316966170177608e-06
 7.6933564117917991e-05
 2.4199243315407674e-05
 1.5851802187205423e-05
 1.7190288097898643e-05
 1.3521917809528127e-05
 2.8685859096273616e-05
 -8.5436386965039639e-06
 -4.1109857892013661e-06
 2.1129288567332651e-05
 -2.782584988806779e-07
 -1.2457312458836594e-06
 2.0927666978619455e-05
 5.5440515038996143e-05
 9.2051067268032809e-05
 -9.0101889965145514e-06
 4.4266198822323445e-07
 -5.473851642862919e-06
 4.8877476460841226e-05
 -9.7951818081388057e-06
 -2.6026249712992469e-05
 3.1055308853067748e-05
 3.147291058060291e-05
 4.6698651023910256e-05
 4.6698651023910256e-05
 6.2958204854520831e-06
 -3.2816097029531161e-06
 -1.6978127931942579e-06
 1.521804976237435e-05
 7.6858787150253868e-06
 2.4483172989598163e-05
 1.4789561038156903e-05
 7.552613925230944e-05
 1.7470283172549662e-05
 1.6471702583877645e-05
 2.2273700200450821e-05
 4.6396809570703479e-05
 2.4415082449331463e-05
 3.2101447688599743e-05
 -5.557098634105733e-06
 5.9514260014676741e-05
 3.3788046810833654e-05
 2.1614808333903729e-05
 9.9274461291087277e-05
 1.8741519170235461e-05
 3.2400318707786787e-05
 4.0413433183688363e-05
 -2.5962989275944064e-05
 1.5454342445749042e-05
 1.7989467746255126e-05
 -2.7825849888068129e-07
 1.3489614447215692e-06
 6.7830674713855539e-05
 5.4535209151908295e-05
 5.5332096857378758e-05
 4.072410571626533e-05
 5.494046341385861e-05
 1.5612655258863346e-05
 3.9871434010381844e-05
 2.1149867548487303e-05
 2.5806330521778119e-05
 2.5830712134689382e-05
 2.7121553239957122e-05
 1.9062227064187434e-05
 1.9062227064187427e-05
 2.7165968250319831e-05
 2.7306608936900963e-05
 2.8366625670311871e-05
 2.3507043054775654e-05
 2.3542208629620733e-05
 2.2455275495437882e-05
 1.948804510038159e-05
 1.8969242985475274e-05
 1.7025591018872365e-05
 1.7154578183780921e-05
 1.5470904877159828e-05
 1.6657525111891253e-05
 1.5759205294259907e-05
 1.7355814375924124e-05
 1.9186526744787933e-05
 2.1799726003514358e-05
 -1.9575047474424594e-06
 0.00034601802429656955
 0.00023750148920132421
 0.00010613403726756684
 0.00042103654324979987
 4.5834577161026778e-05
 4.1729358702035088e-05
 0.00028408264709053904
 -6.207908377964633e-06
 0.0032296695643986798
 0.00019910112037570897
 0.0029481188057595667
 1.3195050156699267e-05
 1.4662268208718182e-05
 1.4662268208718182e-05
 -2.4456061459161662e-06
 1.5613476526071309e-05
 1.7757509511111514e-05
 1.1660513533911064e-05
 2.1277605078184592e-05
 1.3993299485709501e-05
 1.6661009816631573e-05
 1.4662268208718182e-05
 1.4662268208718182e-05
 0.00035589670038680869
 0.00029694511029772463
 0.00029694511029772463
 0.00029694511029772463
 0.00029694511029772441
 0.00029694511029772441
 0.00029694511029772441
 0.00015062749862138032
 0.00010618394911196121
 0.00013931350088485929
 0.00013931350088485929
 0.00013931350088485929
 0.00013931350088485929
 0.00026167995683854439
 0.00029476560615388447
 0.00028516784213469142
 0.00028516784213469142
 0.00010643450018481696
 0.00013893736935628715
 3.8438413074157657e-05
 4.5891152886809893e-05
 5.2128720367516411e-05
 1.9811708390044893e-05
 5.2984209194493169e-05
 5.2408574557063951e-05
 -5.4098162391613377e-05
 0.0014951683063155817
 0.0019438421116180352
 0.0043049390657381283
 0.00033346147433235953
 0.00015027447939659221
 6.7861248107631221e-05
 4.8449394229348219e-05
 0.00039565696660714381
 0.00038133688087225927
 0.0010801972811748158
 0.0011823171071039446
 0.0012776991445356874
 -0.0013779435950396551
 0.007071311359424781
 0.007071311359424781
 0.0060275556436195409
 0.0060275556436195409
 0.0022374593655469753
 0.0025223185654548591
 0.0018217190813915292
 0.0032574449966011471
 0.0032574449966011479
 0.0021819686311785194
 0.002077810965855294
 0.0021443830902846055
 0.0016738866727656827
 0.0020863851484177157
 0.0073567455620255334
 0.0083145165751468374
 0.0083145165751468374
 0.0079651181705995919
 0.0079651181705995919
 0.0071590028054963886
 0.0076551315883368609
 0.0066458936787304372
 0.004750606887133961
 0.0018967912536426066
 0.0021452584885955153
 0.0018662387568954724
 0.0021432076708175485
 0.002085016318204392
 0.0024380546407894547
 0.0017655179959704087
 0.0012705464648617329
 0.0012836612662104052
 0.0011550176796703308
 0.0023771333764703818
 0.0010653607479263112
 0.001277794339947174
 0.0015386071162592774
 0.0018404236085457408
 0.0014289126347186616
 0.001120689385585117
 0.0048737064115266029
 0.0054781698202010501
 0.0080950011203729452
 0.0034667616581872656
 0.0015436929105375166
 0.0017333932012226108
 0.0018456056080521906
 0.0021720387893692855
 0.0066004799983559919
 0.0070804397123508632
 0.0015556275487222336
 0.0017409248652701288
 0.0026749503160771837
 0.0031881796052054953
 -1.1620607614608793e-05
 0.00027719856362175895
 0.0020422077597112244
 0.001082229130287069
 0.0011592448335127595
 -5.8297358087843998e-05
 9.3525023603796499e-05
 -0.0023363118137183329
 0.0009023966014774608
 0.0013883183676591966
 0.0015486580914482403
 0.00046886713749483408
 0.00021804342054577956
 0.00084386540068869973
 0.00033461019527439892
 8.0523061384754499e-05
 0.0012539735792905528
 0.00062470815581540254
 0.0001425140106972574
 0.00047382602275606537
 0.00047382602275606537
 6.2619205080104867e-05
 6.2619205080104867e-05
 0.00045012512732125597
 7.2714198492830064e-05
 7.1977366385198052e-05
 0.0070177056982551498
 0.039860964498040385
 0.010080746795700883
 0.011146300455387148
 0.0065800208491762716
 0.0013568520445583986
 0.0016606492640563798
 0.0056137708717124857
 0.0033213664794220664
 0.029159779584010406
 0.0040482644721035518
 0.0065911178362248251
 0.00023446169784199046
 0.010409369365288025
 0.0074778177118418705
 0.0061365672668361026
 0.007275798002837181
 0.0039749224777147858
 0.0072648117335614871
 0.023582433495852165
 0.026128832152855257
 0.0042582575370210124
 0.0026553746501553886
 0.010929605045566596
 0.0045583036099629791
 0.00093870345288881753
 0.0077511279134967531
 0.0092158866285550634
 0.0081999967247259314
 0.0064974516058184722
 0.042399450359361796
 0.037179099668064319
 0.00603151856001385
 0.0032634336657252128
 0.00093160850926204855
 0.0010830336812718503
 0.0022996634956234012
 0.0023562002341565103
 0.0018897602495736492
 0.045678084055845371
 0.0055739678583323843
 0.0040600964982003759
 0.0031342793286508208
 0.0027216045593926774
 0.0014817620883274746
 0.0020330708103555315
 0.012245656857189074
 0.000277198563621759
 0.0025739120818681484
 0.00033452391292830097
 -1.0609897360006623e-05
 0.0022860841453028863
 0.0016053266894506544
 0.0091441057280918971
 0.065319660187212442
 0.2275199928523442
 0.078843628663105958
 0.068334264634002162
 0.05537981211886886
 0.081047333377027242
 0.0010040069387025753
 0.049173998335350029
 0.032057784332335942
 0.046554732667971756
 0.043103025670421444
 0.027004221452865903
 0.053924688225049609
 0.11463546541053024
 0.11426157140228294
 0.36902923857363512
 0.0080472908299328173
 0.44667046546818073
 0.093531427876249448
 0.26821414039142005
 0.035086220667625109
 0.00026443367071342231
 0.018844842368990217
 0.003398033860022106
 0.022338016847722908
 0.0012156491483557683
 0.00087353196480791312
 0.00058144747488356467
 0.0049154311010894992
 2.9689487050156153e-05
 0.0048783638281681956
 0.021681729237414987
 0.021647228604921784
 0.00083021042273517353
 0.0063663063469921949
 0.0032872506229303057
 0.0025204654137962819
 0.0060701715763494422
 0.0037077040451891467
 0.023075105809910918
 0.0024220218186818015
 0.017987705365443162
 0.0025947775634642361
 0.022219216487386718
 0.0018030887566147103
 0.0028400874395299188
 0.022308422664814746
 0.0027065139854832738
 0.0060685514667911519
 0.0053349075400465924
 0.024851073932694912
 1.2587691789780224e-05
 0.024271041351617083
 0.025995533490002592
 0.029468468172183095
 0.0041005260412706364
 0.0034591334739083419
 0.0077094370178580254
 -1.135723988108316e-07
 0.0048411053353647152
 -9.6959015511280221e-08
 0.0009805944253870047
 -1.884529328134416e-07
 0.0026379936530607725
 0.0040162103766541186
 0.004166416762249903
 0.024851073932694905
 0.0036345563845023737
 0.0034595711699824611
 0.0019064216903093736
 0.0047077032115222656
 0.0073615502038323708
 0.006743165785362281
 0.025255991173190613
 0.0026448836573708147
 0.0064388200689340196
 0.018054184143082821
 0.0029953887135179694
 0.0036627010620883917
 0.0073405821429981003
 0.00390351043331208
 0.00018909559061805286
 0.0020002921451269702
 0.0040104379134237988
 0.0047893466243208189
 0.029216180582708903
 0.004356314731717421
 0.0027892071697474836
 0.0025746786266071181
 0.00022774751259534428
 0.012101106123275102
 0.0069946063486014025
 0.032636541017354831
 0.0039821118700056335
 0.0058773536443583463
 0.00022774751259534433
 0.00035654896777852907
 0.00020993583042710226
 3.8238193224025974e-05
 0.00098742545454868309
 0.0017617154456330071
 0.00026271824686903682
 0.00030426944641631594
 0.0004125169961139199
 0.00078167914096815172
 0.00047413057925268132
 0.0031064516811384305
 0.00014646756486132737
 0.0018234178101371348
 0.00011918462065247832
 0.00025614299617378409
 0.0047440960705189637
 0.00015672736976230531
 0.0044870526628999589
 0.00031164852479546634
 0.00097409158372126778
 6.0790873862414802e-05
 0.00023548394555581933
 0.00042874502201591921
 4.2788030782902456e-05
 0.00092484835879347738
 0.00018897638410721748
 0.00031199916798032088
 0.00023046619090309587
 0.00048992144715138194
 0.00069407148470356818
 2.1691422229704562e-05
 3.2104497656893908e-05
 0.00037598687188350759
 0.0050991999892281339
 0.0024823087408117808
 0.00028761469400635835
 0.0023984319359102589
 0.00044498442124822054
 0.00046895191686773837
 -1.7387901510901582e-05
 -1.7387901510901579e-05
 -4.2955175682414713e-05
 -5.6632419232050065e-06
 -6.5901457336964411e-06
 -9.9960389583329184e-06
 -1.9029182901580109e-05
 -3.0365117896092277e-05
 -4.717182050126393e-05
 -5.0661779085658402e-05
 -3.9646642041418341e-05
 -3.1508520568668871e-05
 -4.3652524448608864e-05
 2.5223039645715918e-05
 -3.2063097489160131e-05
 -3.3562647381984813e-05
 -5.1919549304551364e-06
 -8.158826224875472e-06
 2.0125835009115977e-05
 -8.1541655010129188e-06
 -2.2401575766441805e-05
 1.292149879275248e-05
 3.5131526807816826e-06
 7.1977366385198052e-05
 8.3433256328304921e-05
 0.0014184978475210806
 0.0014900642321579666
 0.01496081044225748
 0.00071052006131231554
 0.0028890934518830467
 0.002889093451883048
 0.0027277779298936185
 0.0033470560383434596
 2.4147394036734947e-05
 2.4422332875017194e-05
 0.0079290830402627133
 0.0079290830402627133
 0.0079290830402627133
 0.0079290830402627133
 0.0079290830402627133
 0.0079290830402627133
 0.0017074001179441904
 0.01220629621018385
 0.00015354762528561701
 0.00068296581642551964
 0.00069464635575321588
 0.00068683476346250046
 0.00069114929989983647
 0.00077703592951540565
 0.013229867851071195
 0.0010986944315601508
 0.0010884626210561047
 6.2520035100258872e-05
 4.9976119083513962e-05
 6.2520035100258886e-05
 4.9976119083513962e-05
 -4.4336254161359904e-05
 -4.6322021409939707e-05
 -4.7553528708053294e-05
 9.1587328165933964e-05
 0.00010634651384992526
 -4.6935988655823079e-05
 -1.0034304621146273e-05
 6.3166938108057285e-05
 -3.5175879496563198e-05
 -4.1471566638281635e-05
 -4.8509708875560213e-05
 -4.9088746729117357e-05
 -5.1946251514481822e-05
 -4.2888669924350294e-05
 -5.0981646585103979e-05
 -4.2351430795694204e-05
 0.00017980668276879763
 -4.6553687188643696e-05
 -4.6845243907573923e-05
 -3.9389245380754885e-05
 -5.1868764099217681e-05
 -8.5616089981571874e-06
 -7.002848755885983e-07
 -4.6039714336942853e-05
 -4.9744832297666988e-05
 0.00024723903655593673
 -4.6017506266411629e-05
 5.5485159587955164e-07
 6.2772615925706974e-06
 -7.0465380648179257e-06
 -3.0250412269223266e-06
 9.8828497485937885e-05
 -1.3959749872791536e-05
 -9.5179018229132879e-06
 0.016188471390038917
 0.013329641924706068
 0.0036246594602888011
 0.0037947075709198275
 0.022489510638267988
 0.005671466068734512
 0.0058711507844956753
 0.00416248696712955
 0.0060206540078919617
 0.025767069635696836
 0.023233787792465373
 0.0025749061481008194
 0.00039795460231790676
 5.5927847802147261e-05
 0.005523009351086303
 0.00048790137955185859
 0.001754793526212225
 0.032829528902798125
 0.031053650602964902
 0.001104213280327046
 0.00038797781595692395
 0.022509130093222522
 0.031010130823415954
 0.001534756818178622
 0.0013328134737111833
 0.0013818762764684488
 0.0016036399375112269
 0.021405862360490004
 0.013329641924706072
 0.00060546661360672926
 0.0028004335247038851
 0.0034074758607697
 0.0011190164531210646
 0.00019072051456384695
 0.00010142634545069808
 0.00019989466231926383
 0.0013715932886888204
 0.00039358370365270064
 0.00047953884016938437
 0.0006215835199746073
 0.00040089532250848651
 0.00053059702601273868
 0.00063877753074582087
 0.0019269705250594337
 0.0018253902645754515
 0.0019998674575087867
 0.0011501650088727171
 0.0013706192679625996
 0.00026054707366958874
 0.002100847388763899
 0.00011289139601591716
 0.00037070316011728207
 0.00043341040872348411
 -9.9527297241898898e-06
 8.770607132516549e-06
 7.154067642759747e-06
 -3.5720273902810755e-06
 -5.3797537112122394e-06
 6.5002416033149398e-06
 5.3264617506062114e-06
 8.1854026804945978e-07
 4.9403772852978996e-06
 2.3252543660744506e-05
 6.1949065475295827e-06
 6.8507298073948026e-06
 7.9050008430870067e-06
 2.7821249488618021e-06
 4.9144648297708969e-07
 6.4276620521939683e-06
 5.3932366459942686e-06
 1.0355203338754881e-05
 4.4757844921068325e-06
 2.3872455063283969e-05
 6.181863352024869e-06
 8.1787565812560232e-07
 -1.5041890145389788e-07
 1.2749560013481003e-05
 -4.9602290301835919e-08
 -1.4214912096853683e-07
 6.285015656647173e-06
 -2.4769032069694169e-07
 1.3360661490880603e-05
 -1.1675835012422754e-06
 -1.3223674758990546e-06
 6.3071737909239515e-06
 -1.4905582205255797e-06
 7.5535294547761677e-06
 8.2912157368767585e-06
 7.6734218573887713e-06
 2.3920401216427436e-05
 1.6500349577924088e-05
 9.6664594770278148e-06
 1.0046330532277118e-05
 5.050500655122706e-06
 3.9370574633500359e-06
 4.9410478825133761e-06
 5.4007085706125482e-06
 5.1017275567403265e-06
 5.0436518337739795e-06
 1.4955211254204784e-06
 -1.59854568518764e-07
 4.6466892307905282e-06
 5.8920527015878804e-08
 1.9891451651488131e-07
 6.2634032519544165e-06
 9.8580372585869131e-06
 1.4955211254204784e-06
 0.0020675961779501959
 1.4955211254204784e-06
 5.9984790261949143e-06
 1.0258167671215695e-05
 0.0034881987091671847
 0.0028972997260237649
 0.009125464571410672
 0.00015925386195591971
 0.0005031421565549728
 0.00041706201012310092
 0.0007930345786679319
 0.00095318457156759137
 0.0017608724172488651
 0.00191785518880306
 4.5855587412567929e-05
 0.018381176187625366
 0.00020362543877980524
 0.00027100966903982707
 0.0021944243628396367
 0.0018471339586871708
 0.0020565305891410753
 3.0198063976132295e-06
 7.5846241249482246e-06
 0.034019768640703649
 1.7926125117978062e-05
 2.3482088030626838e-05
 1.0855299481901408e-05
 0.0019450186361571183
 0.0018287634054943173
 0.00089179097036350379
 0.0011349424911640412
 0.0017341048393144109
 0.0020455135312330867
 0.00027573905876182109
 0.0021524929980431618
 0.0022762149039583677
 0.036180068720122693
 0.00053164013383613358
 0.00072241164541282979
 0.00071869190308118127
 0.0015013526418302834
 0.0011223367173523256
 2.4849964608048553e-05
 0.0017587379458299563
 0.0010664791487139608
 0.0012620338089440182
 0.0026741309822420943
 0.0029037536584635929
 0.0017355368023555895
 0.0020293045135290023
 0.00050309068750946449
 0.00058774541428017362
 0.0049259945163146173
 0.0014216063810121049
 0.0016899282814403693
 0.002425348136559145
 0.00016364429242678814
 0.0030810427968509932
 0.0024459829799330273
 1.8582592884624417e-05
 0.00036218037010358421
 0.00025529372890278304
 0.0016899282814403698
 7.2231818005083557e-05
 0.00010121881431222908
 0.0014316128130402717
 0.0012576664477657647
 0.0026844641930323216
 0.0012570776786978138
 0.005509226638906497
 0.0012956553745432711
 0.0011995465962199125
 0.00077151120497768056
 0.001149773306100472
 0.00034175103023478175
 0.0012668429819388319
 0.001617564520468559
 0.0010168735261537414
 0.0015078871721487602
 0.0004195249778039795
 0.0007430678079848672
 0.0013925151257180367
 0.00064939573952362928
 0.0016864799607790855
 0.0012214895954016289
 0.0015345207894106368
 0.00073119743992024308
 0.001084221660683293
 0.0017417029850366932
 0.0016322250424039564
 0.0020139496452265281
 0.00093882941070965711
 0.0013558610101702976
 0.00095445181580133289
 0.013232117851293431
 0.0015611360737416973
 0.035550157399188209
 0.039837540476752586
 0.053947814735028826
 0.013772828746265448
 0.04743440536327051
 0.023439393103330146
 0.026111346901736918
 0.014987557020118043
 0.026111346901736918
 0.045303334273930893
 0.029812370155634225
 0.043556393022075424
 0.016677589667789247
 0.047570921619455413
 0.041831704277279662
 0.031009299794331549
 0.026355614469204827
 0.014434694273231033
 0.015759358169498781
 0.020710769620548394
 0.02452686347124881
 0.025396236233681566
 0.0286197005079828
 0.044295966058125358
 0.038244512399068134
 0.041453171194623044
 -4.4826221479332669e-06
 1.4002178338048845e-06
 -2.0880766763730253e-06
 -1.4892419625477125e-05
 3.396355430257831e-06
 3.6816197215093797e-06
 -9.1157688587490096e-06
 7.7933824546535407e-05
 8.2890711121007675e-05
 7.2104952348311864e-05
 7.2104952348311837e-05
 -1.4719118535836985e-05
 -1.4892419625477126e-05
 -1.6237568446435126e-05
 -5.8785843428582342e-06
 -1.6237568446435126e-05
 8.2890711121007661e-05
 3.2785807219516591e-05
 8.5782118732272061e-06
 9.5567637802940746e-06
 8.2890711121007675e-05
 -9.5481894905305062e-06
 -8.4831028238997903e-06
 -8.3258805220785094e-06
 2.6687641320526017e-06
 -2.8388009235377972e-06
 -5.4961237773519057e-06
 -1.6763853657211043e-05
 -9.7487640023464325e-06
 -1.0221030892977788e-05
 -1.6502002145057147e-06
 3.5061554005912606e-05
 -3.4146709551901473e-06
 2.2192963163180561e-06
 -3.0760489935727671e-07
 -1.5735505455286043e-05
 -1.5735505455286043e-05
 -1.6062958833439712e-05
 7.8527728255095838e-05
 0.0038766514038490714
 0.0022766850164781622
 0.00039686914594454204
 0.00017341110122053157
 0.0014353389554747913
 0.00019379427759503049
 0.0024551767303341654
 0.00059748173510872017
 0.00066356328834485119
 8.7546455732107994e-05
 7.475269564236525e-05
 0.00015734391817195345
 0.00054579341499396425
 0.00096036281709865228
 0.00019383141638204586
 0.0001018427483348027
 0.0035954710743583982
 0.00024016303989632778
 0.006048784877446956
 0.00028357409909180993
 0.0076301984966352489
 0.00077685494725373313
 0.0020466101823614336
 0.0010669178058204999
 0.00027505627575653417
 0.0052613213428287682
 6.3156497297705758e-05
 0.0030573452337716929
 0.0036574021452615252
 7.1346269246782236e-05
 0.00010213154732220973
 0.0012264235372699793
 0.0021986648288711908
 0.0030038172224488764
 0.0017850359879032971
 8.8427224191737615e-05
 0.00014272658818949397
 0.00019742595043914263
 -1.2081658425952947e-06
 0.0003231987476953237
 0.0032247844869406112
 0.0020987615065385734
 7.4904038593038216e-05
 0.00024985336872786353
 0.0006400907412698934
 0.0031181658507505442
 0.00010772785169761213
 0.00017698482965439232
 8.6859111009250237e-06
 4.6351844088145738e-05
 2.8786855915288862e-05
 0.0041185951371519149
 2.2956898171911078e-05
 0.0021865585836924922
 1.8631183990919514e-05
 1.6339273338859285e-05
 1.9198161961750454e-07
 3.4876197610472476e-05
 5.9375080196367552e-05
 3.4692282906778632e-06
 2.2139579738646879e-06
 8.7050598126498947e-06
 2.3636563733356391e-05
 0.0011191977923397092
 2.5153768548426703e-05
 8.8682452847095972e-06
 2.3636563733356388e-05
 4.8384963987722406e-05
 9.4387334343093185e-06
 0.001393336223429995
 0.0012230854347542505
 1.3379192806274971e-05
 3.2374804872605907e-05
 0.001603192284220649
 0.0019551668071153706
 0.0019551668071153714
 -1.8327570907393738e-07
 0.0013934787498914966
 0.0015208398355773217
 2.6167939983566637e-06
 0.00051802920427919895
 0.00047029151990278338
 0.0036829228887712145
 0.005386455494409248
 0.019596740846693265
 5.397356668155088e-05
 0.0041517868048410837
 8.2617352649546933e-05
 1.2206763209766861e-05
 0.00084754075379265311
 0.00044092675156403585
 0.00062167843136623827
 2.7829407473812908e-05
 0.00019857367405306454
 0.00060591322846657207
 0.0005427482619917329
 0.00073486432842880889
 0.0013861539895151124


