# Created by Octave 5.2.0, Sun Feb 07 20:02:49 2021 -03 <kuroneko@kuroneko-VirtualBox>
# name: erSeidel
# type: matrix
# rows: 1
# columns: 20
 0.548148149293752 0.16509998602741219 0.086908830213130311 0.058405929799412677 0.041582005964916541 0.031530281860947397 0.025068834492203009 0.020586813970111844 0.017278455127845239 0.014721624615719688 0.012679954872675821 0.011011334905811961 0.0096244385022289502 0.0085660270390586386 0.0076757566711126895 0.0068886926339882578 0.00680472463932908 0.0067549699855576498 0.0067053262069240276 0.0066559155795561202


# name: kSeidel
# type: scalar
20


# name: tol
# type: scalar
0.0001


# name: kmax
# type: scalar
20


# name: reSeidel
# type: scalar
0.99994934104015931


# name: xSeidel
# type: matrix
# rows: 494
# columns: 1
 0.99585869143194172
 0.00020030775478038445
 1.4557972251347215e-05
 0.00023231749772337459
 9.5950842807849607e-05
 3.6409480163320498e-05
 1.518352982819748e-05
 0.00023231749772337459
 4.426092855748766e-06
 0.00019713205440438902
 -2.2102719642858494e-07
 0.49010958086532469
 0.49010958086532469
 0.49010958086532469
 0.49164925940288201
 0.49527518459692116
 0.31963443058704355
 1.518352982819748e-05
 0.49527518459692116
 0.31963443058704355
 0.31963443058704355
 4.1945560275577393e-06
 4.4112667231543575e-06
 9.688704687999921e-07
 1.4549259783842307e-06
 0.0051258090723866117
 0.011037796600447526
 0.011826202630671832
 8.985205234821415e-07
 4.048488414333958e-06
 5.0647810827580216e-06
 5.6885539403429991e-05
 6.8711938352483045e-06
 6.8711938352483045e-06
 7.1457420083306454e-07
 6.4708822162781538e-06
 8.3383444118384047e-08
 0.10534690504215856
 0.10642878806630272
 0.039604674652955502
 7.5811628572844563e-06
 6.5341540825645789e-06
 1.2608689491403871e-05
 2.7250265193327366e-05
 1.2874097927877386e-05
 0.74570024172715044
 1.6718990710949199e-05
 0.00046571853771024856
 0.00044861457556555622
 0.00028805660659110902
 -8.0558245192439693e-08
 2.8898385464586303e-05
 0.00028562101935851079
 -3.8426410678265037e-06
 5.7602642007398281e-07
 0.0071245828715493986
 0.29771645296117993
 0.0089784036537119954
 0.0093611688140135488
 0.0089784036537119954
 -6.430854746795052e-08
 0.0015691045824869163
 1.5522003995761128e-05
 1.5522003995761128e-05
 1.8597838521075508e-07
 1.859783852107551e-07
 0.00026206061240237826
 0.00015641674201044196
 0.00026206061240237826
 0.00027847444099783083
 0.00056033912130136574
 0.0001498236769773344
 0.00015641674201044196
 0.00056033912130136574
 0.00056033912130136574
 0.00056033912130136574
 -7.7304699342488015e-07
 -8.4044152938212887e-07
 3.00763125570047e-05
 1.4506072141221548e-05
 2.2404374125479214e-06
 1.3687569421997979e-07
 7.9567835325527938e-05
 0.2342725442646944
 0.01038593089949401
 0.0094720676363500202
 0.0070572191365396043
 0.0099703967833541032
 8.0520082014754266e-06
 0.00063216366034918238
 0.00053082800643539541
 0.00018880658468737739
 0.00053082800643539541
 0.00053082800643539541
 0.00023119645756369987
 0.00023119645756369987
 3.3644733903255537e-06
 1.856358933544007e-05
 0.0057737639501157451
 0.00014151111942804561
 1.3446816645137281e-05
 1.6601370415136792e-05
 0.00030777523992748618
 0.0029579087085787412
 0.0029579087085787412
 0.14397186318180949
 0.16975605779224606
 0.0057923428013709356
 -7.4645975902230524e-07
 -7.4645975902230524e-07
 -7.4645975902230524e-07
 -7.1282154906579784e-07
 0.0040007050632124355
 0.00022119055120781395
 0.0001086989123350421
 0.0095820543293982704
 0.0094114447639417568
 0.0085747507185015403
 0.0096351200274036857
 0.00035407417873066711
 6.111710209780662e-08
 -1.5399500117912026e-07
 2.0199667270494911e-07
 0.0080882322360144865
 0.10718656618396792
 0.11376616247553543
 0.0023254865202047806
 0.0019148509627172699
 0.0023254865202047806
 0.00014441618909371477
 0.00014441618909371477
 0.00014441618909371477
 0.0004177472356274332
 0.00037358461570705174
 3.8902762793476137e-06
 0.0001846183087885421
 0.00018134506368620634
 2.1501277470554179e-06
 5.1815356327552645e-06
 4.0841421763392944e-06
 0.0001802873027672204
 0.00049330616325169168
 0.00044131436223609631
 0.0001846183087885421
 0.00018134506368620634
 0.00010426440825959347
 6.6993333597610404e-06
 5.421579484616283e-07
 9.5304518078312897e-05
 6.7959816562404462e-05
 4.2795563726019221e-06
 4.3988767716779085e-06
 3.8030284474795441e-06
 4.339153012179356e-06
 4.7466550768560029e-06
 -4.1354430668370917e-06
 -4.2911192109209631e-06
 0.00020658901612876043
 0.00041646825464434893
 0.00054835837557854676
 1.6449845710949498e-06
 -1.189765881379187e-06
 0.071350193110726767
 0.012525906215726502
 1.5183529828197481e-05
 2.8392868520239125e-05
 0.013821190267276521
 1.6070334100113013e-05
 2.0128091462531167e-05
 4.4697003006432897e-06
 6.2934603712307185e-06
 6.6369122912500735e-06
 0.013193095513087767
 2.201790777243994e-05
 1.4872802881582179e-05
 5.5450741668819431e-05
 0.0025475536566787272
 1.1190540833388797e-05
 -9.2891965785425092e-08
 1.1959668161290487e-05
 1.4842114245294927e-05
 5.0647810827580216e-06
 0.00025001277578915062
 0.00025001277578915062
 0.00025001277578915062
 1.0664320004555706e-05
 -8.2525289951304679e-07
 6.5513782468186579e-05
 2.3311907948737473e-05
 2.8622476840522977e-05
 0.0056163810058513491
 0.0042162168375165024
 0.0042162168375165024
 0.0042162168375165024
 0.0056163810058513491
 0.0056163810058513491
 3.2072350087899577e-06
 3.9331745571812967e-05
 1.6764147364873116e-06
 0.19302687462918855
 3.9331745571812967e-05
 0.0087635335388494499
 4.8571845756741816e-07
 0.0002483159476137792
 0.00027275509602938655
 0.0002483159476137792
 0.00039639658388818615
 0.000260048773203037
 0.000260048773203037
 1.6796884121355241e-06
 1.7879405918947036e-06
 0.00013569392041001878
 0.00010799445680930395
 8.5542832293095068e-05
 4.6047390021419798e-05
 0.00013168900138083755
 0.00017179590225729338
 0.00013168900138083755
 9.6303163676659699e-05
 0.00016830184232893004
 2.7321320550554919e-05
 8.9375382851928862e-07
 0.11449130416629022
 0.0069023433048311872
 0.0028144768275025749
 0.0027662206089930203
 1.839474714136203e-05
 2.2126163159192481e-05
 -1.7732188478533229e-06
 -1.7218872070626328e-06
 0.002666935349077582
 2.0428283943038771e-05
 1.892652893302674e-05
 2.0428283943038771e-05
 3.4855984063920273e-05
 0.0010443832031140122
 0.00026412127689759852
 0.00025793949389523813
 6.6065727825383675e-06
 2.7122112764335939e-06
 4.0035610105133781e-06
 0.00027723480356388889
 1.8241269168370456e-06
 1.8241269168370456e-06
 0.00020243955391802869
 0.086553675439668507
 0.0050250188218223784
 0.00028479936322810994
 -1.8370993720837485e-06
 -1.8370993720837485e-06
 -1.8370993720837485e-06
 4.862658531773068e-06
 0.44633865150922009
 0.19349925385669786
 0.15028050645869087
 0.19944270211416157
 0.0021476240695397293
 0.00025423578203246554
 0.00025423578203246554
 0.00025423578203246554
 0.00025423578203246554
 2.6373036855034097e-07
 0.0030220822714958199
 2.4434157533789651e-06
 1.5787663926177586e-06
 0.0021476240695397293
 0.49840114773868627
 4.5352368152077355e-07
 1.0550840696351974e-06
 0.00057980966765594261
 0.0005509361671091512
 0.0004925480415029276
 0.0004925480415029276
 0.0004925480415029276
 0.097531456752400977
 2.6696002545452966e-06
 0.00018798676187182042
 0.00065821608063408002
 0.00065821608063408002
 0.19715482321910272
 0.20256094177616654
 0.0028144768275025749
 0.00039996822646783456
 4.3045028386528527e-06
 3.1777254651945646e-05
 3.7908596931693667e-05
 9.0305919700627862e-07
 4.3045028386528527e-06
 3.2120830355033211e-05
 3.2120830355033211e-05
 3.2120830355033211e-05
 3.2120830355033211e-05
 0.0001744542515901961
 0.00019804459528060758
 0.00068540490841155662
 -1.0152093986002396e-06
 -5.7401490008590542e-07
 -1.0131579209782544e-06
 -1.0152093986002396e-06
 0.00026613552459343361
 0.0001252418020005714
 0.00012399785570483095
 0.00012399785570483095
 0.00012401560873877613
 0.00012401560873877613
 0.00014702872103613339
 1.0394306111800298e-06
 0.00041354478129069383
 1.3648881152579427e-07
 0.00013503702816542991
 0.00013377942595169765
 0.00011679355083199562
 0.00011679355083199562
 0.00011679355083199562
 -1.5293134365083466e-06
 6.8917777843024453e-07
 0.00013413478377906314
 0.00013413478377906314
 0.00013413478377906314
 0.0001797442223822467
 0.00010363332780201706
 2.8156225441449056e-06
 1.0633788727645515e-06
 4.695808329591113e-06
 5.7873720936079149e-06
 4.4886277448807173e-06
 7.4649514366259719e-06
 7.9084627495489638e-06
 2.8633279850035719e-06
 0.00023027849118388485
 0.00026073286168615517
 -2.5124063827139222e-07
 0.0043633414212744248
 0.25636461715106146
 3.3939849303468703e-07
 0.0027955311874488672
 0.0046490543434103788
 5.1764959260318774e-06
 0.00010335959978953523
 3.5021441157914391e-06
 3.0931474241247908e-05
 0.00010335959978953522
 0.0057730784775206411
 2.0128091462531167e-05
 0.049936725234373681
 0.010315186393146875
 0.009967428909356691
 0.049936725234373681
 0.010315186393146873
 0.049936725234373681
 0.010315186393146875
 0.038658842319946686
 0.0017524185545701385
 6.0143519785531677e-05
 1.1811055295582016e-05
 0.11686894370946951
 0.00043430624906270354
 0.00039043522971964132
 0.00043430624906270354
 0.00039043522971964132
 0.00043430624906270354
 0.00039043522971964132
 1.4935823070732932e-06
 1.6764147364873116e-06
 0.0015691045824869163
 1.7680873407079086e-05
 2.2097484581569853e-05
 0.00030515670543543067
 0.0003526701451785425
 0.00030515670543543067
 0.00036869896810147993
 0.00049053970789827625
 0.00059272858790520536
 0.0035291422014968915
 0.069307112708820978
 4.2507339509115305e-05
 0.0095713625560503914
 0.003638189152605437
 0.014728344730303053
 0.0094472973850039891
 0.018527573747508883
 0.0031922504372669954
 0.014728344730303053
 0.0036525278543314082
 0.12337724640714895
 0.00099105835297803326
 0.00013577932544998452
 0.00041154925110590803
 0.00041154925110590803
 3.7445652413433944e-05
 0.00014076653386516715
 0.00093934414322120036
 1.4958736633987998e-05
 6.7352333700557314e-06
 0.023248255362474709
 2.8340384036425092e-06
 5.5543968052977487e-05
 0.10909076437664972
 0.00067717810394546504
 8.8584261489236437e-05
 8.6871629735046948e-05
 0.0019227659093094182
 0.0017527369264732401
 0.00081398930891599705
 -4.9875047013153022e-06
 -4.6605426695362364e-06
 0.25549865270137878
 0.0032545786881548249
 8.1980395652071533e-08
 1.6705854794195126e-06
 -3.6096875411820685e-07
 -3.103805894240361e-07
 7.5811628572844563e-06
 0.017630560413084063
 0.017630560413084063
 0.0091148088228031731
 0.023047701443212474
 1.2152163909459876e-06
 0.00014437794430939994
 3.8911964007655813e-05
 1.3976499264403408e-05
 5.7044133401329982e-06
 4.8370536657288059e-05
 3.8911964007655813e-05
 0.0051258090723866117
 1.996562905695107e-05
 0.0025573522181591272
 6.1965444577250008e-07
 0.00056772679597178475
 0.0031670714535570947
 0.00096807668835621741
 0.00020883223002458366
 3.6409480163320498e-05
 1.2677448921227901e-06
 1.4328511926315919e-06
 9.6940742820070034e-08
 3.2214393958982582e-06
 0.0017629686639327204
 2.2492042373918848e-05
 7.9383819472700874e-05
 0.00011459095391873607
 0.0001315835860257434
 6.5328493161913262e-07
 7.8920296189076395e-05
 0.00045237813826481472
 0.00042915694180289173
 0.00075006410230031497
 5.0506968737992516e-06
 0.00019316356104298054
 6.4518900949549719e-06
 0.00019316356104298054
 0.00019316356104298051
 0.00019316356104298051
 0.002078349966226137
 0.0014486545170495895
 -8.7943854243817782e-07
 1.5482717358274925e-06
 -8.7943854243817782e-07
 1.5482717358274925e-06
 1.5482717358274925e-06
 1.5482717358274925e-06
 1.5482717358274925e-06
 1.5482717358274925e-06
 6.6709134105793637e-05
 2.6643888264422141e-06
 2.0666979444469809e-05
 1.2011371501600066e-05
 0.0035512672143935783
 0.0010903884809525242
 0.0093548375652913289
 0.0071692959886550502
 0.0044991988738153745
 0.00098411358035354495
 0.00098411358035354495
 0.00098411358035354495
 0.00098411358035354495
 0.00098411358035354495
 0.0013623543455382413
 0.00065821608063408002
 2.3116735417183765e-05
 1.1466045504978258e-05
 1.1437383046226308e-05
 1.6657681893854672e-05
 1.6657681893854672e-05
 1.6657681893854672e-05
 1.1525644042027502e-05
 0.00049330616325169168
 6.8483023404259177e-05
 4.1624274699128787e-05
 5.4392533886894577e-05
 4.1624274699128787e-05
 5.4392533886894577e-05
 0.00010114634768266381
 0.00010172073425314259


