# Created by Octave 5.2.0, Sat Feb 06 00:26:31 2021 -03 <kuroneko@kuroneko-VirtualBox>
# name: jacobiMat
# type: matrix
# rows: 1000
# columns: 1
 0.1486775064302257
 0.16394564322139485
 0.17370013542623536
 0.17327401474333748
 0.19919501075230317
 0.24129162365645834
 0.29775537603602259
 0.36584961168058616
 0.35307940991764603
 0.35338168577474571
 0.21355359199662602
 0.23102062362327411
 0.24608912514331474
 0.24887119269724572
 0.25701639712925578
 0.28219029481001595
 0.32309282667785039
 0.37809552273296337
 0.36328409958284702
 0.36364606474976791
 0.22599461899006237
 0.24490527037435483
 0.26192270060418099
 0.26454530725185937
 0.3067334070519982
 0.35884893731638584
 0.2463459823155878
 0.26710055361533125
 0.26657506701057038
 0.26746643523268709
 0.22802722983596818
 0.24735044743623638
 0.26481252292627716
 0.26748826040562268
 0.30833239465831075
 0.35894322984154081
 0.26193686037991482
 0.28433606244302917
 0.28381108076544703
 0.28453216601785758
 0.22789408262967198
 0.24714497308946265
 0.26448668309397994
 0.26705467882208894
 0.30789032281528711
 0.35820862808778675
 0.31509740576657508
 0.33930877918911878
 0.33880849278556302
 0.33952766586986943
 0.22391370498811475
 0.24246937362349041
 0.25892307952921978
 0.26120716933680466
 0.30465421531474807
 0.35580679124705578
 0.42451409564734649
 0.50771447814801429
 0.47111737937065945
 0.44922396288087274
 0.19946169411555759
 0.21641764317779932
 0.23020229831820438
 0.23356287148534735
 0.29014240464573737
 0.35428927750272604
 0.42488923995997835
 0.51067265021196528
 0.4640818145258227
 0.42993451236055996
 0.13981569948575692
 0.15299772472411269
 0.15993394943539851
 0.16681257443867917
 0.25512464241511418
 0.35216008118461617
 0.27639312085216883
 0.2993492101889455
 0.29925475175987071
 0.37161603524249565
 0.045476195406284246
 0.050340816424633089
 0.056827472396300684
 0.069290129643899384
 0.20615228760464033
 0.35074904250972422
 0.20303630781148288
 0.22164371387875981
 0.22176963716170797
 0.34505297975119165
 -0.0028218634956570805
 -0.0035898097917422735
 -0.0031905271206980937
 -0.0029266337124211365
 0.16912740999883244
 0.34880274178110021
 0.13469256371337548
 0.14890775616549595
 0.14930848612418066
 0.33283912790199455
 1
 0.09241091882102774
 1
 1
 1
 1
 1
 0.22968565139255315
 1
 1
 1
 0.10612530939116818
 1
 0.13091316066545811
 1
 1
 1
 0.22132116302162685
 1
 1
 1
 0.11427633922296343
 1
 0.14492761825158348
 1
 0.22747198400898228
 1
 0.19840998617510891
 1
 1
 1
 0.11764666471691436
 1
 0.15034099563534983
 1
 0.2258105800908948
 1
 0.20957527822622027
 1
 1
 1
 0.11798157550642201
 1
 0.14730146126920937
 1
 0.21914602694435045
 1
 0.25478403149443712
 1
 1
 1
 0.11458980806740235
 1
 0.13273871966183853
 1
 0.20290436118590166
 1
 0.3411723988993054
 1
 0.3253761534270902
 1
 0.1050098124014236
 1
 0.1172144681921579
 1
 0.20196236968486186
 1
 1
 1
 0.29751792965521001
 1
 0.094050907418936958
 1
 0.099877795314965864
 1
 0.21881662206620531
 1
 1
 1
 0.23120482499080189
 1
 1
 1
 0.083342773842225798
 1
 0.22820966054091343
 1
 1
 1
 0.20067235121478283
 1
 1
 1
 1
 1
 0.23460850973348066
 1
 1
 1
 0.19025441475992436
 0.015661124067181214
 0.019235312109697415
 0.0067914734364486898
 -0.0055895437989763779
 -0.0051221785965463165
 -0.005366683544011458
 0.06641643862255682
 0.1489538874736209
 0.13713310348442931
 0.13687181326704981
 0.015309591045883687
 0.019574488918975272
 0.015130901598742016
 0.013347221727471392
 0.010058613910958684
 0.009737961837043509
 0.067123972437741458
 0.13518405798188426
 0.031184343475202509
 0.031453727605592056
 0.016421000576607607
 0.021141918593385798
 0.045185414792112834
 0.077126446238775057
 0.024774496295810432
 0.12616649271616306
 0.075590782983389671
 0.030052112844347788
 0.025504674562958192
 0.025485248586882957
 0.016785859423321614
 0.021663449641719942
 0.048944107950113329
 0.0847797733543494
 0.10302215521023397
 0.12841709452603164
 0.076545502222223144
 0.029846578184644187
 0.025249794179736332
 0.025230372613900098
 0.018246860318352105
 0.023063682915638446
 0.048700326694682917
 0.082719969478594432
 0.099485206156534445
 0.12298646162644446
 0.077594190294921497
 0.038016404538826071
 0.032351381277983191
 0.032334523731567852
 0.019785771543039617
 0.024261224779342432
 0.025922071145042427
 0.033304691848572002
 0.03495362119110574
 0.041937814985661112
 0.11086817450371943
 0.19052679754556281
 0.043391832247298513
 0.29960459934389844
 0.014647158790939269
 0.018917017712775167
 0.021078047508026394
 0.028265893586814698
 0.029554779549512421
 0.036741202223496222
 0.035650418948588884
 0.03975561161741762
 0.039914739606712255
 0.27397590217459622
 0.012699757983607887
 0.016491225136879638
 0.004989002023628699
 0.052981536265303261
 0.022233308244311793
 0.12390091150702179
 0.072359827315826797
 0.02562000955855245
 0.029514242120785721
 0.038152564930501939
 -0.0073062992229431037
 -0.0078391483033704509
 0.0034466781792469804
 0.071552989110955187
 0.024722339637150193
 0.1334103099452604
 0.074731725785948735
 0.019980385759080972
 0.023858434270404256
 0.03158245057673284
 -0.0074291105934470511
 -0.0079554327888327666
 0.0025606222618878116
 0.010321332880345545
 0.019888648232924619
 0.13894479194257983
 0.077550581455936005
 0.019563386098717359
 0.023080345112739511
 0.030420611601826086
 1
 1
 1
 1
 1
 1
 1
 0.08696677196503598
 1
 1
 1
 1
 1
 0.0090557182596677274
 1
 1
 1
 0.074301692182261625
 1
 1
 1
 1
 1
 0.020757331031239709
 1
 0.043709170362170924
 1
 0.046543244332269411
 1
 1
 0.012216212911605953
 1
 1
 0.024888294568298108
 1
 0.042361810993168672
 1
 0.038594068857782292
 1
 1
 0.011486736929011154
 1
 1
 0.023696216178495186
 1
 0.037188797674805658
 1
 0.045876833044796436
 1
 1
 0.0094082809023190578
 1
 1
 0.01622258056818127
 1
 0.023810707446251776
 1
 0.069351275700568385
 1
 1
 0.0069801735832614609
 1
 1
 0.012918261849163898
 0.012165581630142527
 0.025240762826477411
 1
 0.04569899655367804
 1
 1
 0.004290275847859625
 1
 0.0022240155799471539
 0.016560466926664037
 0.011373407584113277
 0.048336183781734134
 1
 0.03570537408087314
 1
 0.016058425434381702
 -0.00080153097955947515
 1
 0.002249084520339889
 1
 0.011319972671650691
 0.059434139358629831
 1
 1
 1
 0.014932016580480939
 -0.0026330690954769549
 1
 0.0020240131404631384
 1
 0.010801634956072515
 0.064995932232713577
 1
 1
 1
 0.015023796858457126
 -0.0023437931115367835
 -0.002566290950679396
 -0.0027551219178389781
 -0.0027635870071693186
 -0.0042962226867770204
 -0.0046958618687178624
 -0.0049199138083259311
 0.072206451492357701
 0.0021953794715181686
 0.0021680668347310275
 -0.0032032613934379417
 -0.0034370172804803183
 -0.0032292664304352007
 -0.00257094195243995
 -0.0028901874685415964
 -0.002873927183720584
 -0.003165544047476663
 0.061571824309745234
 -0.00044112260836926345
 -0.00065350824650347423
 0.0011722314416799829
 0.0016573314856608624
 0.002178472113632003
 0.0034711337448208954
 0.0046071913811059169
 0.0072705897073692223
 0.0051819199107979328
 0.039038420011238105
 -0.0017987860060763264
 -0.0020953512948874136
 0.011201740758707593
 0.0037370025052412678
 0.0022184762942562071
 0.0037437594090687794
 0.0043477959573977321
 0.0065566387783264901
 0.0064553055504831588
 0.032453783145432062
 -0.0026912377522859943
 -0.0031005985299879888
 0.0053686367582102199
 0.00033693413785957689
 0.0020050798298054005
 0.0035238740156181315
 0.0038320210298005588
 0.0056406360360277122
 0.0056456209864547951
 0.038265171540083777
 -0.0050190075540195124
 -0.0047907236021484043
 0.0046191652285423428
 0.00014669804708302369
 0.0024747561205236811
 0.0065477739484551926
 0.0021348127601947342
 0.0030076221974157896
 0.0026771173413761211
 0.057866782353050816
 -0.00091503043994783484
 -0.00018444073061804213
 0.0035290950039829029
 0.00037084703781065066
 -0.0004862870844006017
 0.00073963793374805286
 0.00087600394357936838
 0.0015872232694339105
 0.0011684950990803315
 0.037995747961821612
 -0.0017099671559429631
 -0.0011727864568180464
 0.00234382346083861
 0.00099096697328885795
 0.0011725555419078101
 0.0022980982897106029
 0.0031597965532135586
 0.0048367403366724434
 0.0043550230435485749
 0.030052905832144813
 0.00013189903239209776
 0.0010797349717358627
 -0.00026566920294777551
 0.0011695153675075883
 0.00090254681909706432
 0.0013321128128544579
 0.0023741134096080963
 0.0039992279447242304
 0.0038950430122638305
 0.0013178049601636744
 -0.00059761188838113955
 0.00031511808606548186
 -0.0011180785546204628
 0.00063200098887561732
 0.00013254562888210917
 0.00044378401341280691
 0.0015391006473216529
 0.0031093123602063018
 0.0025283009742084082
 0.00081595908934173659
 -0.00040602046231832093
 0.00049231795902976731
 1
 1
 1
 1
 -0.0025043799971824622
 1
 1
 1
 0.00080335321646780053
 1
 1
 1
 1
 1
 -0.0018425918763524871
 1
 1
 1
 0.00037642088216393709
 1
 1
 0.0057097425062235755
 1
 1
 -0.00043438908373959998
 1
 0.0029215574078006448
 1
 -0.00018476603936792079
 1
 1
 0.0047703365432535602
 1
 1
 0.00045251705898927212
 1
 0.0034471163697980516
 1
 -0.00020414771727209519
 1
 -0.0002299795736239182
 0.00027781626486056356
 1
 1
 0.00084961419649783206
 1
 0.0043035114983617073
 1
 1
 1
 0.00048875557399464696
 0.00024835403940906499
 1
 1
 0.0011498078924159459
 1
 1
 1
 1
 0.011937397953168389
 0.00062203551606115882
 0.0010591875468584726
 1
 1
 1
 1
 1
 1
 1
 0.004885378515664859
 0.00065278824613588095
 0.0034414982128519889
 1
 1
 1
 1
 0.0032311818263099324
 1
 1
 0.0010421204143970808
 4.4269115368457659e-05
 0.0027122629892455349
 1
 1
 1
 1
 0.0034399071339391708
 1
 1
 -0.00035334921126389346
 -0.00023397959381690354
 0.0001367468765136213
 1
 1
 1
 1
 1
 1
 1
 -0.00062499253190778355
 -0.0035446894238542349
 -0.0041142297940310419
 -0.0034334667812381944
 -0.0025815271523673515
 -0.0012083743793741047
 0.018011036318662754
 0.011020357040146865
 0.0059841096869590925
 0.00165536003940488
 0.0077361758361959897
 -0.0048836690434833586
 -0.0054626231614506313
 -0.0045298175063803155
 -0.0031692972802154964
 -0.00097925935501921423
 0.029744776102008128
 0.018626031045915578
 0.010272875702434877
 0.0032055053043328636
 0.0043083074115577279
 -0.0031767691528990119
 0.018442763222068812
 0.0074225779452660656
 -0.0029043652109220562
 -0.0020189993291262493
 -0.00013939301938643722
 0.0024768877427252256
 0.0017912475083229757
 0.0024118508789729137
 0.0036458882243437579
 0.014247242852807289
 0.018319944051389439
 0.0080609639503750243
 -0.0014064078117565089
 -0.00040140831752072755
 0.0015263384653781712
 0.0030952354658892573
 0.0026539632949122778
 0.0041261596253899099
 0.0061817712527093777
 0.0010139113811594373
 0.018247091907839817
 0.0082353468836221869
 -0.00088267075928267103
 0.00021942545753284509
 0.00223527221406143
 0.0066618666191469635
 0.043744740051955722
 0.011838476096681032
 0.015724412816700319
 -7.5469724222207898e-05
 0.0013187914218620645
 0.0001916301801181506
 0.00016970164759138348
 0.0012980687362300904
 0.041880479341965385
 0.0391574774911079
 0.045870104080906401
 0.038736510847117565
 0.035725458259219404
 9.705614409705124e-05
 0.0014902918956649319
 2.1502441605133421e-05
 -0.00036843361565861587
 0.0014499454219726673
 0.022754793970495197
 0.027649935692601987
 0.04095192579329085
 0.0044558141340398684
 0.006359454229226371
 0.0018651299519849879
 0.018601153874774286
 0.0023450785767525572
 0.00029917671120439329
 0.0017044974773738127
 0.0053111040071911848
 0.0056667967094434328
 0.038092424582305141
 -0.0019470325436106186
 -0.0011520215788231611
 0.00074943057458268356
 0.011649998403747334
 0.0015893402402010948
 -0.0012674016506779996
 -0.0013859047664524615
 -0.0010502718240504002
 0.0052047454690092258
 0.037051168503615298
 -0.0023846533226502091
 -0.0019356313338463567
 0.00010120878233775291
 0.0060464269770455362
 0.0016666564451239679
 -0.0070618774686573675
 -0.0070780651775315421
 -0.0075678991765382071
 0.013290787851938969
 0.042310442782643454
 -0.0022812693327685383
 -0.0019647233363653026
 1
 1
 1
 1
 1
 0.026825782000354421
 1
 1
 1
 0.01644815384132052
 1
 1
 1
 1
 1
 0.04124506019214158
 1
 1
 1
 0.015775562476177521
 1
 0.040899512804419606
 1
 1
 1
 0.044401831183471734
 1
 1
 1
 0.018368266721673722
 1
 0.040804121019713972
 1
 1
 1
 0.047252129790603718
 1
 1
 1
 0.027937578475653604
 1
 0.046301937087686457
 1
 1
 1
 0.049579611696739259
 1
 0.061264353026819034
 1
 0.053932506534478945
 1
 0.043274146574218554
 1
 1
 1
 0.054257975521477306
 1
 0.057508600870401404
 1
 0.11708065639662441
 1
 0.042644867373699671
 1
 1
 1
 0.050185584502242968
 1
 0.055180886112078234
 1
 1
 1
 0.043565459884347582
 1
 1
 1
 0.041515878327968048
 1
 0.054196954538835176
 1
 1
 1
 0.027802687979521016
 1
 1
 1
 1
 1
 0.055806570028398617
 1
 1
 1
 0.016267628884898151
 1
 1
 1
 1
 1
 0.057795508475923109
 1
 1
 0.77638077872432043
 0.38775951336441483
 5.6697641949235431e-05
 -0.0010452888907182491
 -0.0015062977323026386
 0.027456202380599499
 0.034929307074555806
 0.046454070654809547
 0.23575225475798145
 0.036284367949032739
 0.71471784909568681
 0.10873999409481098
 0.001579314577110458
 0.0030335829383380405
 0.0028835158371717448
 0.099990800066813476
 0.093995731194571081
 0.10606634940844417
 0.30023709938329579
 0.0415138692030943
 0.086032644385858878
 0.065451933699112036
 0.053382392793548811
 0.047580259684281249
 0.047306532952149719
 0.11632331432072646
 0.11133358949128977
 0.12349722238180756
 0.31867260303410805
 0.045547966093152113
 0.053047818696064571
 0.062671002469947723
 0.082866705601359503
 0.11260816200764147
 0.11207232214566031
 0.12137731903901512
 0.11604647658992565
 0.12780504857791411
 0.31689442218187519
 0.054088160467217372
 0.10003435190885297
 0.083849332043341926
 0.084522312065356778
 0.3340186702685301
 0.22011075055780643
 0.11946537313361769
 0.11213606036130434
 0.11934559688355205
 0.29026392740209933
 0.075357391343520444
 0.67986065456634792
 0.075152095346811457
 0.09279136474046086
 0.10486877830579354
 0.10431310413828519
 0.10721880416635544
 0.096228069186087881
 0.095057591819778298
 0.26048935669607387
 0.41787031709890637
 0.68091399696683064
 0.075294214951819427
 0.093396650237820705
 0.10553687091490054
 0.10497706391946239
 0.10687430342927551
 0.095736718109592639
 0.094534426007940958
 0.27115849947890036
 0.77091180599776254
 0.10277501214572218
 0.086566014712966058
 0.090831644634156411
 0.10501525537900432
 0.10445111153788175
 0.10523572148908854
 0.094274534261054074
 0.092901541479347163
 0.22661181227274618
 0.80002710222242823
 0.034491605393322015
 0.04100629662666929
 0.054240081702906187
 0.074267528250864162
 0.073884555192865076
 0.11532985436143559
 0.10364548773529043
 0.10289441459765414
 0.44802891190691924
 0.81980774604489759
 0.009485297434965078
 0.012148287828516255
 0.014535442378802301
 0.60980174728592562
 0.35658405659696935
 0.11470994752447428
 0.10338480964324995
 0.10280527116641877
 0.45780703513164117
 0.83601986789606875
 0.82091065475287184
 1
 1
 1
 1
 1
 1
 0.28474916536914913
 0.29859863282799615
 1
 0.78026573531872601
 1
 1
 1
 1
 0.53096004853489387
 1
 0.35598521241798492
 0.37008969032592837
 1
 0.63901915858025282
 1
 1
 1
 1
 0.57666333392048486
 1
 0.37661495665101064
 0.39127927835494231
 1
 1
 1
 1
 0.48208489470424859
 1
 0.59384151820772546
 1
 0.37323838524934932
 0.38780460551243956
 1
 0.62194720885477583
 1
 1
 0.59778231502459367
 1
 0.59894321530385908
 1
 0.33816350102644616
 0.35384381638395807
 1
 0.74536874874385717
 1
 1
 0.59917228458895044
 1
 0.59807593226571587
 1
 0.26256965566416063
 0.28544046181599558
 0.74809166832949336
 0.74612037806700904
 1
 1
 0.60232086598286039
 1
 0.59612505681271322
 1
 0.24158350821298794
 0.26212948236876399
 0.8345428316598299
 0.62527291193887746
 1
 1
 0.60984913001346974
 1
 0.59103416593084412
 1
 0.18534667669592506
 0.20366135646055442
 0.86656821859110178
 1
 1
 1
 0.62957193774654285
 1
 0.57827094997939932
 1
 0.98181138979615423
 0.98511360660876246
 0.88201155957463839
 1
 1
 1
 0.69834919006658847
 1
 0.5389313237347737
 1
 0.98181138979615423
 0.98511360660876246
 0.88719255192030066


# name: seidelMat
# type: matrix
# rows: 1000
# columns: 1
 0.14867750643022576
 0.16394564322139488
 0.17370013542623541
 0.17327401474333751
 0.19919501075230317
 0.24129162365645834
 0.29775537603602253
 0.36584961168058616
 0.35307940991764603
 0.35338168577474571
 0.21355359199662594
 0.23102062362327397
 0.24608912514331466
 0.24887119269724564
 0.25701639712925572
 0.28219029481001584
 0.32309282667785033
 0.37809552273296343
 0.36328409958284702
 0.36364606474976791
 0.22599461899006229
 0.24490527037435472
 0.26192270060418088
 0.26454530725185926
 0.3067334070519982
 0.35884893731638584
 0.24634598231558788
 0.2671005536153313
 0.26657506701057049
 0.26746643523268726
 0.22802722983596818
 0.24735044743623638
 0.26481252292627711
 0.26748826040562257
 0.30833239465831069
 0.35894322984154076
 0.2619368603799147
 0.28433606244302917
 0.28381108076544703
 0.28453216601785758
 0.2278940826296719
 0.24714497308946257
 0.26448668309397988
 0.26705467882208894
 0.30789032281528705
 0.35820862808778675
 0.31509740576657508
 0.33930877918911878
 0.33880849278556296
 0.33952766586986938
 0.2239137049881148
 0.24246937362349044
 0.25892307952921978
 0.26120716933680466
 0.30465421531474801
 0.35580679124705578
 0.42451409564734649
 0.50771447814801429
 0.47111737937065945
 0.44922396288087274
 0.19946169411555764
 0.2164176431777993
 0.23020229831820427
 0.23356287148534727
 0.29014240464573726
 0.35428927750272599
 0.42488923995997835
 0.51067265021196528
 0.46408181452582264
 0.42993451236055996
 0.13981569948575692
 0.15299772472411269
 0.15993394943539851
 0.16681257443867914
 0.25512464241511412
 0.35216008118461611
 0.27639312085216872
 0.29934921018894539
 0.2992547517598706
 0.37161603524249559
 0.045476195406284239
 0.050340816424633068
 0.056827472396300677
 0.06929012964389937
 0.20615228760464027
 0.35074904250972411
 0.20303630781148288
 0.22164371387875981
 0.22176963716170797
 0.34505297975119159
 -0.0028218634956570805
 -0.0035898097917422735
 -0.0031905271206980933
 -0.0029266337124211361
 0.16912740999883244
 0.34880274178110021
 0.13469256371337546
 0.1489077561654959
 0.1493084861241806
 0.33283912790199449
 1
 0.09241091882102774
 1
 1
 1
 1
 1
 0.22968565139255312
 1
 1
 1
 0.10612530939116814
 1
 0.13091316066545811
 1
 1
 1
 0.22132116302162685
 1
 1
 1
 0.11427633922296339
 1
 0.14492761825158346
 1
 0.2274719840089823
 1
 0.19840998617510891
 1
 1
 1
 0.11764666471691432
 1
 0.15034099563534983
 1
 0.2258105800908948
 1
 0.20957527822622027
 1
 1
 1
 0.11798157550642198
 1
 0.14730146126920934
 1
 0.21914602694435045
 1
 0.25478403149443712
 1
 1
 1
 0.11458980806740235
 1
 0.13273871966183851
 1
 0.20290436118590163
 1
 0.3411723988993054
 1
 0.3253761534270902
 1
 0.10500981240142362
 1
 0.11721446819215788
 1
 0.20196236968486186
 1
 1
 1
 0.29751792965521001
 1
 0.094050907418936971
 1
 0.099877795314965823
 1
 0.21881662206620531
 1
 1
 1
 0.23120482499080186
 1
 1
 1
 0.083342773842225756
 1
 0.22820966054091343
 1
 1
 1
 0.20067235121478277
 1
 1
 1
 1
 1
 0.23460850973348063
 1
 1
 1
 0.1902544147599243
 0.015661124067181217
 0.019235312109697415
 0.0067914734364486889
 -0.0055895437989763787
 -0.0051221785965463174
 -0.0053666835440114588
 0.06641643862255682
 0.14895388747362093
 0.13713310348442934
 0.13687181326704984
 0.015309591045883694
 0.019574488918975279
 0.015130901598742016
 0.013347221727471395
 0.010058613910958688
 0.0097379618370435125
 0.067123972437741458
 0.13518405798188426
 0.031184343475202509
 0.031453727605592056
 0.016421000576607607
 0.021141918593385798
 0.045185414792112827
 0.077126446238775043
 0.024774496295810435
 0.12616649271616306
 0.075590782983389684
 0.030052112844347788
 0.025504674562958192
 0.025485248586882957
 0.016785859423321614
 0.021663449641719939
 0.048944107950113329
 0.084779773354349414
 0.10302215521023396
 0.12841709452603164
 0.076545502222223158
 0.029846578184644187
 0.025249794179736332
 0.025230372613900098
 0.018246860318352105
 0.023063682915638446
 0.048700326694682904
 0.082719969478594418
 0.099485206156534459
 0.12298646162644447
 0.077594190294921483
 0.038016404538826071
 0.032351381277983191
 0.032334523731567852
 0.019785771543039617
 0.024261224779342432
 0.025922071145042431
 0.033304691848572009
 0.03495362119110574
 0.041937814985661112
 0.11086817450371945
 0.19052679754556284
 0.04339183224729852
 0.29960459934389844
 0.014647158790939269
 0.018917017712775167
 0.021078047508026398
 0.028265893586814712
 0.029554779549512435
 0.036741202223496229
 0.035650418948588898
 0.039755611617417627
 0.039914739606712255
 0.27397590217459622
 0.012699757983607885
 0.016491225136879638
 0.004989002023628699
 0.052981536265303247
 0.02223330824431179
 0.12390091150702179
 0.072359827315826797
 0.025620009558552457
 0.029514242120785725
 0.038152564930501932
 -0.0073062992229431037
 -0.0078391483033704509
 0.0034466781792469796
 0.071552989110955145
 0.024722339637150183
 0.1334103099452604
 0.074731725785948735
 0.019980385759080972
 0.023858434270404256
 0.031582450576732826
 -0.0074291105934470511
 -0.0079554327888327649
 0.0025606222618878112
 0.010321332880345542
 0.019888648232924612
 0.1389447919425798
 0.077550581455935991
 0.019563386098717366
 0.023080345112739511
 0.030420611601826086
 1
 1
 1
 1
 1
 1
 1
 0.086966771965035994
 1
 1
 1
 1
 1
 0.0090557182596677308
 1
 1
 1
 0.074301692182261639
 1
 1
 1
 1
 1
 0.020757331031239702
 1
 0.043709170362170924
 1
 0.046543244332269418
 1
 1
 0.012216212911605955
 1
 1
 0.024888294568298115
 1
 0.042361810993168672
 1
 0.038594068857782299
 1
 1
 0.011486736929011155
 1
 1
 0.023696216178495186
 1
 0.037188797674805658
 1
 0.045876833044796436
 1
 1
 0.0094082809023190595
 1
 1
 0.01622258056818127
 1
 0.023810707446251776
 1
 0.069351275700568399
 1
 1
 0.0069801735832614609
 1
 1
 0.012918261849163898
 0.012165581630142528
 0.025240762826477411
 1
 0.045698996553678047
 1
 1
 0.004290275847859625
 1
 0.0022240155799471539
 0.016560466926664033
 0.011373407584113275
 0.04833618378173412
 1
 0.03570537408087314
 1
 0.016058425434381698
 -0.00080153097955947526
 1
 0.0022490845203398885
 1
 0.011319972671650688
 0.059434139358629824
 1
 1
 1
 0.014932016580480935
 -0.0026330690954769549
 1
 0.0020240131404631375
 1
 0.010801634956072512
 0.064995932232713563
 1
 1
 1
 0.015023796858457122
 -0.0023437931115367831
 -0.0025662909506793952
 -0.0027551219178389773
 -0.002763587007169319
 -0.0042962226867770213
 -0.0046958618687178624
 -0.0049199138083259302
 0.072206451492357715
 0.0021953794715181686
 0.0021680668347310275
 -0.0032032613934379413
 -0.0034370172804803183
 -0.0032292664304352011
 -0.0025709419524399505
 -0.0028901874685415968
 -0.0028739271837205848
 -0.0031655440474766643
 0.061571824309745248
 -0.00044112260836926394
 -0.00065350824650347455
 0.0011722314416799829
 0.0016573314856608624
 0.0021784721136320034
 0.0034711337448208963
 0.0046071913811059177
 0.0072705897073692223
 0.0051819199107979346
 0.039038420011238112
 -0.0017987860060763269
 -0.0020953512948874149
 0.011201740758707593
 0.0037370025052412678
 0.002218476294256208
 0.0037437594090687816
 0.0043477959573977347
 0.0065566387783264927
 0.0064553055504831614
 0.032453783145432062
 -0.0026912377522859948
 -0.0031005985299879888
 0.0053686367582102207
 0.00033693413785957737
 0.0020050798298054005
 0.0035238740156181315
 0.0038320210298005588
 0.0056406360360277113
 0.0056456209864547933
 0.03826517154008377
 -0.0050190075540195124
 -0.0047907236021484043
 0.0046191652285423445
 0.00014669804708302366
 0.0024747561205236811
 0.0065477739484551926
 0.0021348127601947347
 0.0030076221974157905
 0.0026771173413761224
 0.057866782353050844
 -0.00091503043994783559
 -0.00018444073061804275
 0.0035290950039829024
 0.00037084703781065038
 -0.0004862870844006017
 0.00073963793374805286
 0.00087600394357936816
 0.0015872232694339103
 0.001168495099080331
 0.037995747961821626
 -0.0017099671559429629
 -0.0011727864568180464
 0.00234382346083861
 0.00099096697328885752
 0.0011725555419078099
 0.002298098289710602
 0.0031597965532135573
 0.0048367403366724408
 0.0043550230435485749
 0.030052905832144813
 0.00013189903239209795
 0.0010797349717358629
 -0.00026566920294777573
 0.0011695153675075876
 0.00090254681909706367
 0.0013321128128544568
 0.0023741134096080946
 0.0039992279447242296
 0.0038950430122638288
 0.0013178049601636739
 -0.0005976118883811389
 0.0003151180860654823
 -0.0011180785546204631
 0.00063200098887561677
 0.00013254562888210844
 0.0004437840134128061
 0.0015391006473216519
 0.0031093123602063005
 0.0025283009742084069
 0.00081595908934173616
 -0.00040602046231832066
 0.00049231795902976742
 1
 1
 1
 1
 -0.0025043799971824622
 1
 1
 1
 0.00080335321646780031
 1
 1
 1
 1
 1
 -0.0018425918763524869
 1
 1
 1
 0.00037642088216393677
 1
 1
 0.0057097425062235755
 1
 1
 -0.00043438908373959954
 1
 0.0029215574078006461
 1
 -0.00018476603936792098
 1
 1
 0.0047703365432535602
 1
 1
 0.00045251705898927266
 1
 0.0034471163697980529
 1
 -0.00020414771727209543
 1
 -0.00022997957362391768
 0.00027781626486056405
 1
 1
 0.00084961419649783217
 1
 0.0043035114983617073
 1
 1
 1
 0.00048875557399464728
 0.00024835403940906493
 1
 1
 0.0011498078924159461
 1
 1
 1
 1
 0.011937397953168389
 0.0006220355160611586
 0.0010591875468584722
 1
 1
 1
 1
 1
 1
 1
 0.004885378515664859
 0.00065278824613588062
 0.0034414982128519876
 1
 1
 1
 1
 0.0032311818263099311
 1
 1
 0.0010421204143970812
 4.4269115368457394e-05
 0.0027122629892455336
 1
 1
 1
 1
 0.0034399071339391691
 1
 1
 -0.0003533492112638934
 -0.00023397959381690379
 0.00013674687651362094
 1
 1
 1
 1
 1
 1
 1
 -0.00062499253190778355
 -0.0035446894238542344
 -0.0041142297940310411
 -0.003433466781238194
 -0.0025815271523673515
 -0.0012083743793741043
 0.018011036318662754
 0.011020357040146865
 0.0059841096869590925
 0.00165536003940488
 0.0077361758361959897
 -0.0048836690434833586
 -0.0054626231614506313
 -0.0045298175063803155
 -0.0031692972802154964
 -0.00097925935501921445
 0.029744776102008142
 0.018626031045915585
 0.01027287570243488
 0.0032055053043328645
 0.0043083074115577297
 -0.0031767691528990119
 0.018442763222068819
 0.0074225779452660691
 -0.0029043652109220566
 -0.0020189993291262497
 -0.00013939301938643722
 0.0024768877427252269
 0.001791247508322977
 0.0024118508789729141
 0.0036458882243437583
 0.014247242852807292
 0.018319944051389436
 0.0080609639503750226
 -0.0014064078117565085
 -0.00040140831752072728
 0.0015263384653781717
 0.0030952354658892582
 0.0026539632949122783
 0.0041261596253899099
 0.0061817712527093777
 0.0010139113811594375
 0.018247091907839814
 0.0082353468836221851
 -0.00088267075928267125
 0.00021942545753284498
 0.0022352722140614304
 0.0066618666191469644
 0.043744740051955722
 0.011838476096681039
 0.015724412816700326
 -7.5469724222208535e-05
 0.0013187914218620641
 0.0001916301801181503
 0.00016970164759138329
 0.0012980687362300904
 0.041880479341965399
 0.039157477491107921
 0.045870104080906415
 0.038736510847117579
 0.035725458259219404
 9.7056144097050658e-05
 0.0014902918956649308
 2.1502441605133011e-05
 -0.0003684336156586156
 0.0014499454219726673
 0.0227547939704952
 0.027649935692601997
 0.040951925793290857
 0.0044558141340398693
 0.0063594542292263728
 0.001865129951984987
 0.018601153874774286
 0.0023450785767525567
 0.00029917671120439324
 0.0017044974773738127
 0.0053111040071911848
 0.0056667967094434319
 0.038092424582305127
 -0.0019470325436106186
 -0.0011520215788231611
 0.00074943057458268323
 0.011649998403747334
 0.0015893402402010937
 -0.0012674016506779998
 -0.0013859047664524619
 -0.0010502718240504006
 0.0052047454690092232
 0.037051168503615298
 -0.0023846533226502091
 -0.0019356313338463567
 0.00010120878233775248
 0.0060464269770455353
 0.0016666564451239671
 -0.0070618774686573675
 -0.0070780651775315421
 -0.0075678991765382071
 0.013290787851938969
 0.042310442782643454
 -0.0022812693327685387
 -0.0019647233363653026
 1
 1
 1
 1
 1
 0.026825782000354431
 1
 1
 1
 0.01644815384132052
 1
 1
 1
 1
 1
 0.041245060192141601
 1
 1
 1
 0.015775562476177521
 1
 0.040899512804419606
 1
 1
 1
 0.044401831183471741
 1
 1
 1
 0.018368266721673718
 1
 0.040804121019713972
 1
 1
 1
 0.047252129790603725
 1
 1
 1
 0.027937578475653604
 1
 0.046301937087686457
 1
 1
 1
 0.049579611696739273
 1
 0.061264353026819048
 1
 0.053932506534478945
 1
 0.043274146574218547
 1
 1
 1
 0.054257975521477327
 1
 0.057508600870401425
 1
 0.11708065639662438
 1
 0.042644867373699671
 1
 1
 1
 0.050185584502242982
 1
 0.055180886112078234
 1
 1
 1
 0.043565459884347582
 1
 1
 1
 0.041515878327968048
 1
 0.054196954538835176
 1
 1
 1
 0.027802687979521023
 1
 1
 1
 1
 1
 0.05580657002839863
 1
 1
 1
 0.016267628884898154
 1
 1
 1
 1
 1
 0.057795508475923109
 1
 1
 0.77638077872432043
 0.38775951336441483
 5.6697641949235715e-05
 -0.0010452888907182486
 -0.0015062977323026384
 0.027456202380599509
 0.034929307074555813
 0.046454070654809547
 0.23575225475798145
 0.036284367949032739
 0.71471784909568681
 0.10873999409481098
 0.0015793145771104582
 0.0030335829383380413
 0.0028835158371717452
 0.099990800066813504
 0.093995731194571094
 0.10606634940844417
 0.30023709938329579
 0.0415138692030943
 0.086032644385858878
 0.065451933699112036
 0.053382392793548811
 0.047580259684281256
 0.047306532952149732
 0.11632331432072647
 0.11133358949128977
 0.12349722238180756
 0.31867260303410805
 0.045547966093152106
 0.053047818696064571
 0.062671002469947723
 0.082866705601359503
 0.11260816200764147
 0.11207232214566031
 0.12137731903901512
 0.11604647658992565
 0.12780504857791411
 0.31689442218187519
 0.054088160467217372
 0.10003435190885297
 0.083849332043341926
 0.084522312065356778
 0.33401867026853005
 0.22011075055780641
 0.11946537313361773
 0.1121360603613044
 0.11934559688355212
 0.29026392740209933
 0.075357391343520444
 0.67986065456634792
 0.075152095346811457
 0.092791364740460888
 0.10486877830579355
 0.10431310413828521
 0.10721880416635549
 0.096228069186087922
 0.095057591819778353
 0.26048935669607393
 0.41787031709890637
 0.68091399696683053
 0.075294214951819427
 0.093396650237820705
 0.10553687091490054
 0.10497706391946239
 0.10687430342927551
 0.095736718109592639
 0.094534426007940958
 0.27115849947890036
 0.77091180599776277
 0.1027750121457222
 0.086566014712966086
 0.090831644634156453
 0.10501525537900436
 0.10445111153788178
 0.1052357214890885
 0.094274534261054047
 0.092901541479347149
 0.22661181227274621
 0.80002710222242823
 0.034491605393322015
 0.04100629662666929
 0.054240081702906187
 0.074267528250864162
 0.073884555192865076
 0.11532985436143564
 0.1036454877352905
 0.10289441459765419
 0.44802891190691929
 0.81980774604489759
 0.009485297434965078
 0.012148287828516255
 0.014535442378802305
 0.60980174728592562
 0.35658405659696935
 0.11470994752447426
 0.10338480964324993
 0.10280527116641876
 0.45780703513164106
 0.83601986789606875
 0.82091065475287184
 1
 1
 1
 1
 1
 1
 0.28474916536914913
 0.29859863282799615
 1
 0.78026573531872601
 1
 1
 1
 1
 0.53096004853489398
 1
 0.35598521241798492
 0.37008969032592837
 1
 0.63901915858025282
 1
 1
 1
 1
 0.57666333392048497
 1
 0.37661495665101058
 0.39127927835494225
 1
 1
 1
 1
 0.48208489470424848
 1
 0.59384151820772557
 1
 0.37323838524934932
 0.38780460551243945
 1
 0.62194720885477583
 1
 1
 0.59778231502459367
 1
 0.59894321530385919
 1
 0.33816350102644616
 0.35384381638395807
 1
 0.74536874874385717
 1
 1
 0.59917228458895044
 1
 0.59807593226571598
 1
 0.26256965566416068
 0.28544046181599558
 0.74809166832949336
 0.74612037806700904
 1
 1
 0.60232086598286039
 1
 0.59612505681271333
 1
 0.24158350821298796
 0.26212948236876404
 0.8345428316598299
 0.62527291193887746
 1
 1
 0.60984913001346974
 1
 0.59103416593084412
 1
 0.18534667669592508
 0.20366135646055444
 0.86656821859110178
 1
 1
 1
 0.62957193774654285
 1
 0.57827094997939932
 1
 0.98181138979615423
 0.98511360660876246
 0.8820115595746385
 1
 1
 1
 0.69834919006658847
 1
 0.5389313237347737
 1
 0.98181138979615423
 0.98511360660876246
 0.88719255192030066


# name: sorMat
# type: matrix
# rows: 1000
# columns: 1
 0.36449402754236576
 0.38510416627923055
 0.40555550341609203
 0.41542042676681323
 0.4290589975136696
 0.44674767107493352
 0.47007994188372848
 0.49920028541309114
 0.49875687399537194
 0.50598997624210407
 0.43491413156078512
 0.45168097452952249
 0.47151523232526937
 0.47658471785093171
 0.48552219468466351
 0.50349711404321129
 0.5288220324414814
 0.56020746602356142
 0.56160891579725902
 0.56941986915381626
 0.46386709060287817
 0.48001645066077125
 0.50003821230926304
 0.50435595166348046
 0.48002569512180954
 0.45528973325575028
 0.51402065067934299
 0.53412425718346956
 0.54357482143317726
 0.5531823665653216
 0.4742239019532789
 0.49050024886201538
 0.51074895168497669
 0.51505550894322927
 0.48791892476777077
 0.45973455786824202
 0.55132765229063252
 0.57062891234523416
 0.57962619887538513
 0.58855696576249306
 0.47439709033172417
 0.49039372238921897
 0.5103970109173539
 0.51446952108663002
 0.48765919575503713
 0.45981000569037589
 0.60169582933551502
 0.61830613877019902
 0.62587965542033885
 0.6331327117318184
 0.46235393084438597
 0.47813322749441661
 0.4972638391743141
 0.50087091177208887
 0.47458308720895315
 0.44774615803962309
 0.56504022073092075
 0.68966249255399048
 0.62405266755592947
 0.55870878689666981
 0.42733655064784171
 0.44291892331632859
 0.4606687344088814
 0.46530881372122668
 0.45530253663408515
 0.44419409377890129
 0.56966727531311601
 0.70402241413679723
 0.6187071698984663
 0.53185542215795945
 0.34285619060683314
 0.35993998120828169
 0.37450894690296749
 0.38374863980675156
 0.41741166720011608
 0.44978021498785087
 0.57534121858374565
 0.59630056768679141
 0.60539332509838495
 0.47311942934819851
 0.14417533904580113
 0.15556331002679491
 0.16811202900893973
 0.18636924969337093
 0.31260491846893451
 0.43864314912509184
 0.48446592904499092
 0.50785736005575244
 0.51853863397989541
 0.4369108466071262
 -0.0060637131224484386
 -0.0067549625329519176
 -0.0063454913499507775
 -0.0059313600060176231
 0.20673423477006814
 0.42566453078365329
 0.39354791513898779
 0.41882804001795337
 0.43094519360502326
 0.41959245694566205
 1
 0.25043408103336878
 1
 1
 1
 1
 1
 0.39069649025552244
 1
 1
 1
 0.27014830081350838
 1
 0.29253958697416377
 1
 1
 1
 0.40454463974230148
 1
 1
 1
 0.28489332994792543
 1
 0.32369813463875957
 1
 0.31909752461347529
 1
 0.41248769779369354
 1
 1
 1
 0.29128173667028789
 1
 0.33754446582289444
 1
 0.32033120810339522
 1
 0.43826940650689117
 1
 1
 1
 0.29166030754560224
 1
 0.33422865006576552
 1
 0.3156530256994492
 1
 0.47908283277402924
 1
 1
 1
 0.28545958363465229
 1
 0.3113171646953124
 1
 0.30285979432180959
 1
 0.54011737065355814
 1
 0.44809967424763242
 1
 0.26980665230492118
 1
 0.28589152638206256
 1
 0.29894366639679282
 1
 1
 1
 0.41280459530341257
 1
 0.25337908885706995
 1
 0.25960811847668908
 1
 0.31088334282435559
 1
 1
 1
 0.33449964434020224
 1
 1
 1
 0.22899403727054918
 1
 0.31423844679078811
 1
 1
 1
 0.29430482095352084
 1
 1
 1
 1
 1
 0.31518527381886796
 1
 1
 1
 0.27945308001432811
 0.09659883476846462
 0.11011471257700037
 0.060183115918783517
 0.007096890855715042
 0.010907266081165743
 0.012733243113018149
 0.1464059325462459
 0.29042058158358008
 0.28994028698162133
 0.29577927707911106
 0.10350290977225388
 0.11782384850446814
 0.093057390751034197
 0.067769554519263822
 0.063541513881005943
 0.066300386267256539
 0.17077919417367005
 0.28599001138921409
 0.14362178359122835
 0.15078022948828446
 0.10968920893158116
 0.12464847768572228
 0.15651324975658737
 0.19012320603506083
 0.087254780061628498
 0.19429018105524226
 0.16315445847216636
 0.14339701768608298
 0.14298839356625814
 0.14978883342690136
 0.10677171895306875
 0.12185283946686509
 0.16341791224816882
 0.20729901292143249
 0.20335901410726848
 0.20130756105986464
 0.17020521405638978
 0.15066472513945783
 0.15033216352340584
 0.15724904483304927
 0.10857713098713229
 0.12336441984996135
 0.1634731056674438
 0.20627996470578877
 0.20152524924509765
 0.1986668025123714
 0.17665127009910309
 0.1656003627824276
 0.16378269102782608
 0.17046418074948141
 0.11454797418496966
 0.1286334738890616
 0.13260675033054597
 0.14063992658403951
 0.14504081150945441
 0.15348352318373001
 0.24751919874812767
 0.34862864928622017
 0.16543706906035938
 0.42586527678687758
 0.1005584398949594
 0.11415204704875716
 0.11566236847347791
 0.12010768231212555
 0.12248582836775709
 0.13170592673302087
 0.13496746763492665
 0.1442059141876342
 0.14806901679756374
 0.3922732541392272
 0.089307372208923277
 0.1016538079917446
 0.030560491902334719
 0.15442332105567252
 0.070408008066672467
 0.1964900243912151
 0.15190155968987443
 0.11373828754420197
 0.12132717773759301
 0.1327291635549713
 -0.0089684410251068894
 -0.0089484642494074562
 0.024839030071889277
 0.20299963303969731
 0.070234868350612933
 0.20124904239551245
 0.14458433369531387
 0.093626224172938075
 0.10158237805922132
 0.11241703939147883
 -0.012165396394026685
 -0.012430035304867694
 0.022404561726898926
 0.036750510783512602
 0.052789785728739547
 0.20245887876647053
 0.14258625996459851
 0.087943615140004622
 0.095414002754135016
 0.10591233937109248
 1
 1
 1
 1
 1
 1
 1
 0.21020503349747149
 1
 1
 1
 1
 1
 0.042710949372643102
 1
 1
 1
 0.19796074794475249
 1
 1
 1
 1
 1
 0.068903815053210055
 1
 0.084644374839148662
 1
 0.16291904464934326
 1
 1
 0.092115434816681274
 1
 1
 0.081107311782079305
 1
 0.086995621952908012
 1
 0.1550661488359171
 1
 1
 0.086656977923998096
 1
 1
 0.082836627104896421
 1
 0.085530227656389846
 1
 0.16521340385925082
 1
 1
 0.07751701893168754
 1
 1
 0.075103586975584113
 1
 0.078310670163775187
 1
 0.1907310707278134
 1
 1
 0.066508647590086706
 1
 1
 0.066748104298793354
 0.064002677303339556
 0.079894055920388396
 1
 0.1546018872243845
 1
 1
 0.050691156201012978
 1
 0.023006367154463487
 0.069875812286540551
 0.053755670313178197
 0.10120622767531819
 1
 0.13816395610384241
 1
 0.071646162671267374
 0.021989757373841963
 1
 0.022495856821794894
 1
 0.047440940308105993
 0.10872447438397254
 1
 1
 1
 0.068126415659307146
 0.010886085408220118
 1
 0.022030364102617526
 1
 0.042838183529319208
 0.1120601210670733
 1
 1
 1
 0.06759055505150903
 -0.0017192060659806108
 -0.00059503454559999393
 0.0016375153051920094
 0.005186008811492092
 -0.0046446531346872894
 -0.0041347580829620544
 -0.0034080157530192285
 0.18036760524578649
 0.0099035798445070069
 0.010221593073725041
 0.0016029234639379334
 0.0030301801591655904
 0.0059409461150149818
 0.0084341304274176236
 0.0076650617157037184
 0.008309286510647048
 0.0094527944164605783
 0.17094635803105485
 0.0063925359288581505
 0.0065977208200838156
 0.017348962574265932
 0.020044174209319844
 0.022240265766684877
 0.025927572997003087
 0.028025455144875457
 0.032887955662507885
 0.038766573827271847
 0.14428723313505784
 0.0035033452630631235
 0.0037581887034871435
 0.09158277582638813
 0.03889661680690093
 0.028616374450953986
 0.03248464748279864
 0.033731500933758207
 0.038056401192651801
 0.039874485035189311
 0.1376318661187545
 0.0018186229813411377
 0.0021038063508871793
 0.052105264170577897
 0.022971098671518479
 0.030739744502367786
 0.035141850165953274
 0.03590894285021045
 0.039909180310409714
 0.042125753207624281
 0.14585924027711972
 -0.00039796608986026596
 0.0010696375196562204
 0.051226096267978277
 0.020183445690070946
 0.032430082401469155
 0.047352224466575762
 0.031692574687349609
 0.036262402584056656
 0.038354190459627027
 0.16718800975407674
 0.010434966530330596
 0.012740449045546736
 0.046530680850839098
 0.020684862040228513
 0.027886829923226622
 0.03264228233569258
 0.035007572556690597
 0.038326005395279347
 0.040347057971924533
 0.13666716147086971
 0.0075387900455746587
 0.0098013517023519715
 0.03773891141609146
 0.021232983810619478
 0.024280297534160777
 0.029548102416563384
 0.033207048699307809
 0.038167474011413828
 0.043230476074804861
 0.12427988736630496
 0.024363844248679566
 0.028205025984717171
 0.020137508885752761
 0.019901637101111577
 0.018775828058439397
 0.021141093742500498
 0.024298068053794048
 0.028125209385696147
 0.029845424045006778
 0.023387319516659184
 0.018641713532982728
 0.02236609953239321
 0.011111892438124108
 0.016757589545714539
 0.016305129802706153
 0.018093476163487235
 0.021159307605135236
 0.024617754834067841
 0.025178634352735429
 0.021167815346474245
 0.019113724449518893
 0.022734767036031098
 1
 1
 1
 1
 0.0033920139933191584
 1
 1
 1
 0.010366051751590857
 1
 1
 1
 1
 1
 0.007983306615811845
 1
 1
 1
 0.011399934634422548
 1
 1
 0.039377962735588579
 1
 1
 0.013789968314163891
 1
 0.033972996519909426
 1
 0.012338402401265828
 1
 1
 0.040068039983572182
 1
 1
 0.018444253871007343
 1
 0.037141620161694242
 1
 0.015282517500795475
 1
 0.020230925330565475
 0.024394765727776449
 1
 1
 0.021993423323854382
 1
 0.042815463532041964
 1
 1
 1
 0.028952800454388968
 0.024820973474583737
 1
 1
 0.025244779298955113
 1
 1
 1
 1
 0.038950419064100461
 0.030574236126192464
 0.026459449562211218
 1
 1
 1
 1
 1
 1
 1
 0.0279450141654944
 0.028032092435728812
 0.031414703588380256
 1
 1
 1
 1
 0.041501191886318581
 1
 1
 0.021348357022667581
 0.020258485461173065
 0.027052868420074351
 1
 1
 1
 1
 0.04104625391882756
 1
 1
 0.01700898465007742
 0.012302395472950492
 0.01533865228298022
 1
 1
 1
 1
 1
 1
 1
 0.017052158319891472
 -0.010532943458550078
 -0.011448878174109131
 -0.0067207770359508524
 0.00022404049902924393
 0.010516784257989147
 0.097980144554108209
 0.072246398680644627
 0.045788156888867095
 0.016421645862665393
 0.038782110105176695
 -0.011554109207809018
 -0.012374705793391881
 -0.0068111212308083801
 0.0012877226343960121
 0.013218623612790623
 0.12128352601369949
 0.089102861580548004
 0.057430295188703046
 0.0245752590705864
 0.029559651292474707
 -0.0047025256146400541
 0.074340891781367324
 0.041213055450988335
 0.0086971530870124762
 0.013168334542112104
 0.02105161375121329
 0.033988292969225384
 0.028507052984387701
 0.026032432430588389
 0.031738451273158851
 0.075316363218400711
 0.084532819027787864
 0.048712244859990546
 0.012741702934718768
 0.017507472653598522
 0.025585177988488951
 0.037583777576227856
 0.035511435625727408
 0.037117116990414471
 0.044162537671500926
 0.026807879163165592
 0.077528702266530677
 0.046286693386268341
 0.016151373671432667
 0.021315913883100623
 0.029626221423931592
 0.054843140723633818
 0.19045902660562311
 0.062560762993869409
 0.069345099260965798
 0.029813733062418531
 0.036499967876518657
 0.030795401656791822
 0.027558965207679718
 0.026762835466718263
 0.14630163522946729
 0.16843073708681489
 0.20115178627165847
 0.14378985730485064
 0.080791969176950279
 0.030327649959255108
 0.036976584236257923
 0.027531426240405298
 0.019101212020156903
 0.028564962943326978
 0.086801919285522111
 0.12891088984272689
 0.1820773563516655
 0.033457930087726483
 0.037086587442730495
 0.033817615378435847
 0.0764205425843765
 0.023757734459511855
 0.02219825916255061
 0.028424960657433884
 0.039606464960015228
 0.053326766648928235
 0.17148823401375904
 0.015769234850754137
 0.018868280925259523
 0.0249334177794545
 0.060777589252415776
 0.022576888648369264
 0.0040181360270497186
 0.0050159680752648924
 0.007969422725390014
 0.050547628241494669
 0.1778391944415986
 0.010415820220672611
 0.013013887696390926
 0.015883180812749177
 0.043378250903554148
 0.023999301814303969
 -0.012869586030572682
 -0.012096485350279506
 -0.012036779401136448
 0.083489126344226325
 0.19369734717902881
 0.0076879926039498062
 0.0097396981276317886
 1
 1
 1
 1
 1
 0.12898475258542957
 1
 1
 1
 0.061360387979166542
 1
 1
 1
 1
 1
 0.15422702276872641
 1
 1
 1
 0.058896737693275046
 1
 0.12944767767035062
 1
 1
 1
 0.15355480797372101
 1
 1
 1
 0.065592505771547266
 1
 0.14265835782321504
 1
 1
 1
 0.15745307944487275
 1
 1
 1
 0.084418288055360544
 1
 0.14811785966584617
 1
 1
 1
 0.16163645691015754
 1
 0.23587849418420592
 1
 0.11815023368819312
 1
 0.13656168964964105
 1
 1
 1
 0.17111790395421284
 1
 0.2276304480236522
 1
 0.18132176428049715
 1
 0.13456293436875746
 1
 1
 1
 0.15435398146254123
 1
 0.21797394678714899
 1
 1
 1
 0.13925546237925618
 1
 1
 1
 0.12823925909599726
 1
 0.21395978786607489
 1
 1
 1
 0.11010141880821972
 1
 1
 1
 1
 1
 0.22165352178613262
 1
 1
 1
 0.083690415821449746
 1
 1
 1
 1
 1
 0.22798734198897258
 1
 1
 0.80145469577912987
 0.40468366625572882
 0.011237807320644683
 0.012849079508233691
 0.014409228406328883
 0.15972935159695306
 0.18439592112207293
 0.2141967549444703
 0.50639108711675873
 0.10528458199190599
 0.74640344182152107
 0.19258088955332986
 0.040007750258372554
 0.046291943713986872
 0.049961393201502918
 0.26578689889705365
 0.27678275967294985
 0.30480722835408791
 0.56765687318236446
 0.10844018769560521
 0.17769031531840127
 0.16452888983112426
 0.15720277101939573
 0.1551878437676022
 0.16082808424565367
 0.30742109023930669
 0.32016392104565566
 0.34746272854593052
 0.59551435010596654
 0.1174203893728536
 0.18276856421318269
 0.19596592377946787
 0.22129999064138495
 0.25177825010621752
 0.25741858551168884
 0.32247168823182187
 0.33498632201800638
 0.36169164234123269
 0.5997315891943088
 0.13473776404949594
 0.22439075933097435
 0.21450383954671376
 0.22124002168971568
 0.44663697394013857
 0.37214882687901996
 0.31364429008931283
 0.32332880556193155
 0.3437229509194793
 0.58041530352558213
 0.16236759681688601
 0.72621395147084256
 0.19070309030231145
 0.26642389740994099
 0.28538633318452972
 0.29385683676114854
 0.26938421668492885
 0.27143326784246702
 0.27933149532627305
 0.56403231597759729
 0.5031941247102335
 0.72580287395289589
 0.19103031186903247
 0.26846529574733846
 0.28740469743398417
 0.29580492398391389
 0.25691622066868408
 0.25649347132239092
 0.26350586072300491
 0.56101248762984546
 0.89303195503145338
 0.22947606202197252
 0.21979839936482426
 0.23461914276179971
 0.25504755346143021
 0.26040725350093241
 0.24939242267589928
 0.24888047396051227
 0.25536882419890816
 0.51286583925202955
 0.91720534931649733
 0.1339459761826251
 0.14542852750931162
 0.16463748005050619
 0.18899299324854096
 0.19433698066949018
 0.28675614655792347
 0.28563144028329684
 0.29238457944949869
 0.61365456494411164
 0.9291492231746834
 0.070669947722084042
 0.080394869951784478
 0.087567875566206474
 0.66349612747873032
 0.46901552846509792
 0.28951871800938678
 0.28849084886888166
 0.29545654833493912
 0.61766761263359105
 0.93474213838496645
 0.8417311995415514
 1
 1
 1
 1
 1
 1
 0.57665956930570106
 0.59512174110984439
 1
 0.80506472186388578
 1
 1
 1
 1
 0.62399809100893144
 1
 0.64048748502317987
 0.6562760892350521
 1
 0.67874828748784122
 1
 1
 1
 1
 0.67049838129473971
 1
 0.66867513827853819
 0.68334114968702275
 1
 1
 1
 1
 0.56955250582217887
 1
 0.68572231378250903
 1
 0.67063113892869353
 0.68518980491205561
 1
 0.67793386643895082
 1
 1
 0.67039053943075944
 1
 0.68700379968022518
 1
 0.64609683743405144
 0.66222113436725971
 1
 0.78395623698144024
 1
 1
 0.67779403030158536
 1
 0.67890750512445286
 1
 0.59775880274989712
 0.61990992566128555
 0.8167484148264742
 0.78460505009040116
 1
 1
 0.68091673340025805
 1
 0.67191471926927715
 1
 0.55716613999052833
 0.58110982224974372
 0.9051570679774823
 0.68224459466696674
 1
 1
 0.67879208813798497
 1
 0.66655398023177725
 1
 0.49785052402824614
 0.52397439689169167
 0.94038824199419602
 1
 1
 1
 0.68644433138519345
 1
 0.66185566865829493
 1
 1.001178080792315
 1.0006686034526591
 0.95374467266716123
 1
 1
 1
 0.74511376944803076
 1
 0.63442833951619848
 1
 1.001178080792315
 1.0006686034526591
 0.95622225917547843


