# Created by Octave 5.2.0, Sun Feb 07 18:58:13 2021 -03 <kuroneko@kuroneko-VirtualBox>
# name: BJ
# type: sparse matrix
# nnz: 258
# rows: 48
# columns: 48
2 1 0.13207322956745074
8 1 -0.18482210849341224
45 1 -0.045925349262705452
48 1 -0.18024721814424505
1 2 0.18490592451273483
3 2 0.096701731549847375
42 2 -0.078230722802334077
43 2 -0.18369542074999201
46 2 -0.16674030177602725
48 2 -0.21486964419842147
2 3 0.039524398685841601
4 3 -0.11676129247604947
46 3 -0.095223518912036773
3 4 -0.13157090862697235
5 4 -0.17048409548561935
37 4 0.031617485069436103
44 4 -0.0012218420304662006
46 4 -0.046980820883794384
4 5 -0.20826155096544705
6 5 0.089873286384471229
44 5 -0.15024227412698787
5 6 0.13056415797472851
7 6 0.097733134736511254
41 6 -0.17720290346270148
44 6 -0.13472385863023917
47 6 -0.16301764656489606
6 7 0.0491481670933221
8 7 -0.12912023750556431
47 7 -0.075422194052546451
1 8 -0.11034446534365466
7 8 -0.13396114326612385
35 8 0.024428131784031672
45 8 -0.010531142165452161
47 8 -0.012276577783114731
10 9 -0.14989014664034553
15 9 0.084931276029413083
18 9 -0.15631628341424147
23 9 -0.00054469359909494136
30 9 0.025708422172845316
31 9 -0.25282250130953599
9 10 -0.098646981730000596
11 10 -0.091539552914385799
21 10 -0.046614327552964067
23 10 0.033665571096568196
10 11 -0.20466341919138814
12 11 0.1113537538614944
21 11 -0.019268808050162099
24 11 0.025224563660188454
25 11 -0.28902846863803283
27 11 -0.24420154247007933
11 12 0.1085297473495118
13 12 -0.20721732454978736
27 12 -0.16674948332644648
34 12 0.010650201020352124
36 12 -0.052402086462720841
38 12 -0.33339428147373945
12 13 -0.099142565821522005
14 13 -0.11373850899240386
19 13 -0.095987277365894255
34 13 0.038336563657641272
13 14 -0.12215268801286883
15 14 0.02421517398794831
16 14 -0.08319877354733704
17 14 -0.1702900104219438
19 14 0.035846923348708641
9 15 0.078981026300852075
14 15 0.030558148868055145
16 15 -0.29893595664754319
18 15 -0.17153022382036404
14 16 -0.11165214481363867
15 16 -0.31789877432544666
17 16 0.024397188195781773
18 16 0.028419676669800307
20 16 -0.17010625435863447
14 17 -0.24559711061129325
16 17 0.026219458097019515
19 17 -0.2585715390834154
20 17 -0.16926247503012365
22 17 -0.081884724539593334
9 18 -0.17807692203988279
15 18 -0.21013043058454173
16 18 0.032738345779186662
20 18 -0.088517482361423344
31 18 0.061862596603319692
40 18 -0.183831418613709
13 19 -0.11673050505166535
14 19 0.040590750477475908
17 19 -0.20301205771818998
22 19 -0.035625521014681048
34 19 -0.11933017864106923
16 20 -0.21772577084545097
17 20 -0.20158875695594408
18 20 -0.098351504877896567
22 20 0.098064286852509244
40 20 0.033157869273911428
42 20 -0.059029670833530883
43 20 -0.15793280467749723
10 21 -0.076976411130720929
11 21 -0.014231859499160889
23 21 -0.23958011715536387
24 21 -0.34890269543526142
28 21 0.045784944880405722
17 22 -0.083242647978623255
19 22 -0.046127838678691226
20 22 0.083704392532168978
34 22 -0.15853284918235711
37 22 -0.076020215560725427
43 22 -0.24565505917961142
46 22 0.00047325096309970349
9 23 -0.00059413417687802976
10 23 0.055796573882291006
21 23 -0.24045515032457856
28 23 -0.096231283540901005
30 23 -0.31278742736646586
33 23 0.035866703038743689
11 24 0.01802733932622021
21 24 -0.33760237908241381
25 24 -0.098276098893322825
26 24 -0.11690560697715009
28 24 -0.0010809330746563007
11 25 -0.29268337534557615
24 25 -0.13925069474898621
26 25 -0.10422788914818729
27 25 0.026723812513268667
29 25 -0.21373786619181506
24 26 -0.16465987009918098
25 26 -0.10360647734372117
28 26 -0.28893388025140554
29 26 0.090141787888247671
35 26 0.0078266727966849834
41 26 -0.16365707553382833
47 26 -0.090833389886406629
11 27 -0.24568530969230842
12 27 -0.17212793306664415
25 27 0.026550442881459212
29 27 -0.22259284948150834
38 27 -0.069605617778787265
21 28 0.045601524141210555
23 28 -0.09549697840611604
24 28 -0.001112639040562767
26 28 -0.2111550786645883
33 28 -0.25560675277304445
35 28 0.012791053384928081
25 29 -0.25609913334856516
26 29 0.10865503141938286
27 29 -0.26845067161767133
38 29 -0.099388938649012409
39 29 0.045133716613307964
41 29 -0.21366966526915948
9 30 0.025770793887321234
23 30 -0.28745469001134727
31 30 -0.072910993859242448
32 30 -0.17967739125939239
33 30 0.02737985091612033
9 31 -0.28052511888097287
18 31 0.060253288742086644
30 31 -0.080704300038428101
32 31 -0.039804518103089777
40 31 -0.25118698074985912
30 32 -0.21602745246381785
31 32 -0.043235872181233988
33 32 -0.22339363720898794
40 32 0.060954343028658375
42 32 -0.18925475873157108
45 32 -0.02922844708221696
23 33 0.03392991664708149
28 33 -0.24366340391444147
30 33 0.028183978834065405
32 33 -0.19126104019270801
35 33 -0.062149600591397632
45 33 -0.051985856595580783
12 34 0.008262645110700113
13 34 0.062164205043146521
19 34 -0.15911341683114516
22 34 -0.16325778293178905
36 34 -0.30597575826474549
37 34 0.010633057316863483
8 35 0.045679541626157685
26 35 0.0056339132954896674
28 35 0.012599004500478919
33 35 -0.064217039149656194
45 35 -0.23508785641168842
47 35 -0.27024572943104619
12 36 -0.047738040163207505
34 36 -0.35928718835180995
37 36 -0.025003739626120968
38 36 0.051012879152325781
39 36 -0.27599772983029347
4 37 0.057006477181064712
22 37 -0.078121158529021822
34 37 0.010610677232873459
36 37 -0.021248838968191134
39 37 0.022911250200234684
44 37 -0.2692325952443913
46 37 -0.2742730216139293
12 38 -0.32610565481360099
27 38 -0.065956502631576402
29 38 -0.078090480249000171
36 38 0.054772682731062089
39 38 -0.19869138311543619
29 39 0.036778829152089569
36 39 -0.30734520930302339
37 39 0.030021990877516395
38 39 -0.20607048529528257
41 39 -0.10677863326122636
44 39 -0.14074421544078264
18 40 -0.18895420883885156
20 40 0.030674076052665516
31 40 -0.26508267568564381
32 40 0.059221175120975605
42 40 -0.1540857431056219
6 41 -0.22988764591107216
26 41 -0.15665023739326162
29 41 -0.16967406579502969
39 41 -0.10405432900913808
44 41 0.034737598646866964
47 41 0.088216008627579126
2 42 -0.081247103021605094
20 42 -0.064757335880545011
32 42 -0.21804840367097431
40 42 -0.18272425262571537
43 42 0.04883698867142551
45 42 0.090899096763929335
48 42 -0.14045776064760113
2 43 -0.13920161272808482
20 43 -0.12641725474894866
22 43 -0.23036810257351531
42 43 0.035633975099011519
46 43 0.035313284323957701
4 44 -0.0024878334714917554
5 44 -0.25042239578812997
6 44 -0.15457248215700012
37 44 -0.30404439520734183
39 44 -0.12129676497941075
41 44 0.03072151732486899
1 45 -0.063523962592384353
8 45 -0.02439854650449149
32 45 -0.03203541747344766
33 45 -0.066550931167527125
35 45 -0.29126425668217132
42 45 0.086472519087098576
48 45 -0.24325195179741951
2 46 -0.11044053210037667
3 46 -0.1543125020112289
4 46 -0.067564179505089569
22 46 0.00038790922651195186
37 46 -0.21876715334329408
43 46 0.030865980796861581
6 47 -0.16777513532634905
7 47 -0.15435711163259361
8 47 -0.024216996115140867
26 47 -0.068974724188686845
35 47 -0.28508233609870365
41 47 0.069983487862789268
1 48 -0.2879252501999221
2 48 -0.24516034175289381
42 48 -0.15430867843330773
45 48 -0.28091983345517352


# name: BGS
# type: sparse matrix
# nnz: 1140
# rows: 48
# columns: 48
1 2 0.18490592451273483
2 2 0.024421122616552146
3 2 0.002361564843411732
4 2 -0.00027573936338275319
5 2 4.7009175956089187e-05
6 2 4.2248691333996036e-06
7 2 4.1290970425867099e-07
8 2 -0.034174756156366455
35 2 -0.00083482544707486734
37 2 -8.7181852048100133e-06
39 2 -1.9974452251938647e-07
41 2 -7.2733063007232099e-07
42 2 -0.0019104820739373023
43 2 -0.0045793505856365282
44 2 -4.9449794335910921e-06
45 2 -0.008109373718512258
46 2 -0.004443228153930741
47 2 0.00064437303108080888
48 2 -0.036335173420609386
2 3 0.039524398685841601
3 3 0.0038220777913873941
4 3 -0.00044627074286639678
5 3 7.6082063939273073e-05
6 3 6.8377451211359415e-06
7 3 6.682742652179014e-07
8 3 -8.6287731843791883e-08
35 3 -2.1078480848253342e-09
37 3 -1.4109958549504458e-05
39 3 -3.2327679064263709e-07
41 3 -1.1771492347333137e-06
42 3 -0.0030920222775210112
43 3 -0.0074114561034251914
44 3 -8.003208603279818e-06
45 3 -0.00028106062796274845
46 3 -0.0071911485710769787
47 3 -1.267290280822029e-06
48 3 -0.0079899264114848979
3 4 -0.13157090862697235
4 4 0.015362389343533499
5 4 -0.0026190430517302266
6 4 -0.00023538200624141018
7 4 -2.3004621330542076e-05
8 4 2.9703621699251631e-06
35 4 7.256039853323417e-08
37 4 0.00048572011570003471
39 4 1.1128455098090432e-05
41 4 4.0522093703170585e-05
44 4 0.00027550183050630651
45 4 -4.8339374845918709e-08
46 4 0.011673687320026991
47 4 4.3625102062969794e-05
48 4 1.1758647279936812e-08
4 5 -0.20826155096544705
5 5 0.035505282140776452
6 5 0.0031909763899994541
7 5 0.00031186412546484296
8 5 -4.0267969949485624e-05
35 5 -9.8367127660146199e-07
37 5 -0.0065847064781876276
39 5 -0.00015086385761686288
41 5 -0.00054934124466398814
44 5 -0.0037348642344632809
45 5 6.5531688808217539e-07
46 5 0.011590305965102217
47 5 -0.00059140744408254099
48 5 -1.5940711207180028e-07
5 6 0.13056415797472851
6 6 0.011734229961210119
7 6 0.001146823077828156
8 6 -0.00014807806818603375
35 6 -3.6172705639732596e-06
41 6 -0.0020793396190254563
44 6 -0.021269368017163538
45 6 2.4098075705982131e-06
47 6 -0.0021800180631751064
48 6 -5.8619039500421313e-07
6 7 0.0491481670933221
7 7 0.0048034044365842174
8 7 -0.00062021672168703537
35 7 -1.5150735812030996e-05
41 7 -0.0087091979088066793
44 7 -0.0069239673369083602
45 7 1.0093344474587015e-05
47 7 -0.009130883951446022
48 7 -2.4552257436069907e-06
1 8 -0.11034446534365466
2 8 -0.014573549902830114
3 8 -0.0014092875104317821
4 8 0.00016455023118836892
5 8 -2.8053197326098628e-05
6 8 -2.5212330372885447e-06
7 8 -0.13396138967413199
8 8 0.037691223196691881
35 8 0.00092072616735014076
37 8 5.202664477770512e-06
39 8 1.1919954755807353e-07
41 8 4.3404184974000808e-07
42 8 0.0011400993426942854
43 8 0.0027327733999048432
44 8 2.9509660827411578e-06
45 8 0.0045578589396872531
46 8 0.0026515409732671621
47 8 0.0093925696744502005
48 8 0.021751852514449974
9 10 -0.098646981730000596
10 10 0.014786210557137275
11 10 -0.0013535231036983174
12 10 -0.00015071987853506843
13 10 3.1231769986505802e-05
14 10 -3.5522549514588793e-06
15 10 -0.0083783000532508482
16 10 0.0025048706847539933
17 10 6.1716715034745284e-05
18 10 0.016928448852394928
19 10 -1.9083375972989209e-05
20 10 -0.0019350041664718846
21 10 -0.00066316848530086981
22 10 -0.00019412860464005133
23 10 0.00071040058568062675
24 10 0.00019723924235441891
25 10 0.00037182280664085497
26 10 -6.1812679620487461e-05
27 10 0.00036560141453759323
28 10 -8.1079317783373618e-05
29 10 -0.00016642477938441544
30 10 -0.0027582626239864875
31 10 0.02618852213933014
32 10 -0.00054682407090195565
33 10 9.2840346660774995e-05
34 10 3.2645105199381131e-05
35 10 -7.2908679639906168e-06
36 10 -2.0905747103675889e-06
37 10 1.5157087831666586e-05
38 10 4.1235369241174949e-05
39 10 -1.4780219672252942e-05
40 10 -0.0097876884911349861
41 10 4.7254220937064066e-05
42 10 0.0017258549710583888
43 10 0.00043757486860495661
44 10 -3.5905351017100759e-07
45 10 0.00016974908600762934
46 10 1.1203153920495247e-05
47 10 1.1753559920878946e-05
48 10 -0.00028370152092457558
10 11 -0.20466341919138814
11 11 0.018734797890709198
12 11 0.0020861900729668768
13 11 -0.00043229472542252186
14 11 4.9168557514838258e-05
15 11 1.1906251749582517e-06
16 11 -4.4466843580110389e-06
17 11 -8.4814007667633853e-06
18 11 -3.3060153445408125e-07
19 11 4.5450384075190949e-05
20 11 2.2212557214558443e-06
21 11 0.0091792504358823024
22 11 -7.0687058925810131e-07
23 11 -0.0090892767844815234
24 11 -0.0027300881170996744
25 11 -0.005146587534811153
26 11 0.00085558056350038155
27 11 -0.0050604740999277819
28 11 0.0010506890771421319
29 11 0.0023035695491665847
30 11 0.0028430115020397191
31 11 -0.00020730724603633597
32 11 -0.00050257312497918832
33 11 -0.00040445274501710207
34 11 3.341091412577927e-07
35 11 4.5272345759313951e-05
36 11 -0.0001094229418791197
37 11 2.7932718040876965e-06
38 11 -0.00057781772632183655
39 11 0.00024904053936180236
40 11 2.1573293618379713e-05
41 11 -0.000658816955820402
42 11 9.1659098540409581e-05
43 11 4.299191547492123e-06
44 11 -5.8688774135503535e-05
45 11 3.3404004938780004e-05
46 11 -6.1463505160353236e-07
47 11 -0.00014806814326508996
48 11 -2.099982112317261e-05
11 12 0.1085297473495118
12 12 0.012085194773007714
13 12 -0.002504261727525733
14 12 0.00028483099501551841
15 12 6.8972321014612155e-06
16 12 -2.5759420130029252e-05
17 12 -4.913233053041178e-05
18 12 -1.9151581574016186e-06
19 12 0.00026329180220646735
20 12 1.2867623320762424e-05
21 12 -0.0020912388694103315
22 12 -4.0948659765914439e-06
23 12 0.00050101925333317769
24 12 0.0034672543993781823
25 12 -0.031708934914343595
26 12 0.0028996138731557895
27 12 -0.029365715322583648
28 12 -0.00098550553975491396
29 12 0.013575374717235458
30 12 -0.00015671252331115229
31 12 1.130758916828292e-05
32 12 2.7707604228473344e-05
33 12 0.00025939131162070004
34 12 1.9354775482180706e-06
35 12 -6.0323913623339341e-06
36 12 -0.00063388163062439243
37 12 1.6181283883851762e-05
38 12 -0.0033666942832012541
39 12 0.0014569608835403409
40 12 -3.7269115721559694e-07
41 12 -0.003530760390252611
42 12 -5.9459411284155936e-06
43 12 -1.3166771562988268e-06
44 12 -0.00033206548289108106
45 12 -1.3416868495597269e-05
46 12 -4.4865237184672285e-06
47 12 -0.00057322111850490517
48 12 4.0988330244030682e-06
12 13 -0.099142565821522005
13 13 0.020544057238536983
14 13 -0.0023366504389657986
15 13 -5.6582396928572599e-05
16 13 0.00021132096368605503
17 13 0.00040306386492468808
18 13 1.5711264670959031e-05
19 13 -0.0021599506934570764
20 13 -0.00010556132656583922
22 13 3.3592799060324181e-05
27 13 0.016531971626397007
29 13 -0.0036798986718671561
31 13 9.7193962846752696e-07
32 13 -3.8687588536446033e-08
33 13 8.6425611180014245e-09
34 13 -1.5877957602211706e-05
35 13 -5.3713172157053143e-10
36 13 0.0052001355764324207
37 13 -0.00013274539903275771
38 13 0.03253386150844155
39 13 -0.0080685524219753051
40 13 -6.6349094966171164e-06
41 13 0.0016478317174573607
42 13 7.2609171303915159e-06
43 13 8.7739566564885429e-06
44 13 0.0012285831855006941
45 13 6.6081856916674236e-07
46 13 3.673421674862641e-05
47 13 0.00014536528216157099
48 13 -1.1805975671163863e-06
13 14 -0.12215268801286883
14 14 0.013893464603997985
15 14 0.00033643266268121254
16 14 -0.0012564910352420595
17 14 -0.002396573080464837
18 14 -9.3417438890271406e-05
19 14 0.012842827495929974
20 14 0.00062765595132949464
22 14 -0.00019973906105544891
31 14 -5.7790453377841286e-06
32 14 2.3003211476640493e-07
33 14 -5.1387710792542534e-08
34 14 -0.0061837859968609703
35 14 3.1937257010627713e-09
36 14 0.0018920886093364503
37 14 -9.7877635399906272e-05
38 14 9.6520887573572464e-05
39 14 -0.00054363252845979454
40 14 3.9450436704079586e-05
41 14 5.8048338385281612e-05
42 14 -4.3172608731456781e-05
43 14 -5.2168974105467498e-05
44 14 0.00010488144338220923
45 14 -3.9291539920906033e-06
46 14 2.490841029107011e-05
47 14 5.1199296290809489e-06
48 14 7.0197023212241513e-06
9 15 0.078981026300852075
10 15 -0.011838477614039705
11 15 0.0010836889479761591
12 15 0.00012067283237535908
13 15 -2.5005501470666867e-05
14 15 0.030560992956509027
15 15 0.0074479991075303313
16 15 -0.0047691118706899849
17 15 -0.0053205847289048338
18 15 -0.013759114062887318
19 15 0.0024736695641543807
20 15 0.0029297532331327251
21 15 0.00053096127890464465
22 15 0.00063485300933577434
23 15 -0.00056877733467154473
24 15 -0.00015791824052551682
25 15 -0.00029769736849056486
26 15 4.9489896084140788e-05
27 15 -0.00029271625376492096
28 15 6.4915597193140165e-05
29 15 0.00013324685304260593
30 15 0.0022083839670431721
31 15 -0.020980370618127065
32 15 0.00043831687198138652
33 15 -7.4445009259489764e-05
34 15 -0.00039550192244794066
35 15 5.8444076841046414e-06
36 15 0.0001146904924203382
37 15 -5.5334748439469182e-05
38 15 -2.7249507638450335e-05
39 15 -2.1493935740657142e-05
40 15 0.0079232150993078388
41 15 -3.4275089067594039e-05
42 15 -0.0014767504091926439
43 15 -0.00069077904170461468
44 15 1.6732430764491506e-05
45 15 -0.00014455046153815683
46 15 -8.9164032519113252e-06
47 15 -9.0983727970296998e-06
48 15 0.00024258323741300185
14 16 -0.11165214481363867
15 16 -0.32060245043823654
16 16 0.1051289217377252
17 16 0.021578094992401799
18 16 0.057980740045458778
19 16 -0.0095818671095268936
20 16 -0.026667758000691669
22 16 -0.0040407120267647954
31 16 0.0035868391321941602
32 16 -0.00014277240317029326
33 16 3.1894446437279861e-05
34 16 0.0017839915042232697
35 16 -1.9822271071606678e-06
36 16 -0.00054585815324257876
37 16 0.00033979357834715165
38 16 -2.7845796005675398e-05
39 16 0.00016397342651657074
40 16 -0.012452597618533774
41 16 -1.7508858374599561e-05
42 16 0.0035199770910116835
43 16 0.0053762402488900891
44 16 -0.00011517003390897532
45 16 0.000322943691236409
46 16 9.4744218186403162e-05
47 16 -1.0088731909601086e-06
48 16 -0.00057296478294827796
14 17 -0.24559711061129325
15 17 -0.005947176764389852
16 17 0.048430661462063714
17 17 0.043004306487732576
18 17 0.002396504301151469
19 17 -0.019923590514495264
20 17 -0.015729506297696594
22 17 -0.0043541103158278478
31 17 0.00014825397884025391
32 17 -5.9011781846019753e-06
33 17 1.3182856584765676e-06
34 17 0.003067755129288714
35 17 -8.1930927139686302e-08
36 17 -0.00093865870185467636
37 17 0.00038708999868720712
38 17 -4.7883682922991604e-05
39 17 0.00027745046179590229
40 17 -0.00099970887072509443
41 17 -2.9625781108262549e-05
42 17 0.001083665289415498
43 17 0.0036067372225596262
44 17 -0.00014429592100259067
45 17 9.8627407033423733e-05
46 17 1.9136806545169483e-05
47 17 -2.5913266786774333e-06
48 17 -0.00017620050910443428
9 18 -0.17807692203988279
10 18 0.02669197595781941
11 18 -0.0024433715455803233
12 18 -0.00027207859367873056
13 18 5.6379398249375226e-05
14 18 -6.4125086947728833e-06
15 18 -0.22525488608479302
16 18 0.10007566415333641
17 18 0.0024426567983392641
18 18 0.069318461659630612
19 18 -0.0006372431014442907
20 18 -0.023572842224190135
21 18 -0.0011971476530266208
22 18 -0.0024889681233767344
23 18 0.0012824107488618982
24 18 0.00035605506187800107
25 18 0.00067121223366023366
26 18 -0.00011158386741098046
27 18 0.00065998141506727961
28 18 -0.00014636388360542919
29 18 -0.00030042898367695515
30 18 -0.0049791986500057851
31 18 0.049673111208633339
32 18 -0.0010825648303455096
33 18 0.00018891582076126654
34 18 0.00046988924193006791
35 18 -1.4486521474145647e-05
36 18 -0.00012951723110939063
37 18 0.00019744666762864889
38 18 6.80233040939565e-05
39 18 1.3195090777129886e-05
40 18 -0.026067762220862361
41 18 8.1045096037704557e-05
42 18 0.0056130481757852577
43 18 0.0046084770685037475
44 18 -5.2200899428660377e-05
45 18 0.00053544735264161121
46 18 0.0001074082603208887
47 18 2.1199936387558826e-05
48 18 -0.00091864479079273287
13 19 -0.11673050505166535
14 19 0.053867504075982592
15 19 0.0013044109834964334
16 19 -0.0048716456183910007
17 19 -0.21230401000366819
18 19 -0.00036219650127740599
19 19 0.068031402275282427
20 19 0.03679586030316135
22 19 0.018569161026139216
31 19 -2.2406416049657933e-05
32 19 8.9187659327397058e-07
33 19 -1.9923955611303346e-07
34 19 -0.015537067828813509
35 19 1.2382658834432385e-08
36 19 0.0047539661101319965
37 19 -0.0016957050875578382
38 19 0.00024251349867041578
39 19 -0.001399119920088419
40 19 0.0012923379861488229
41 19 0.00014939611283559763
42 19 -0.0023713471725610429
43 19 -0.010488691223993997
44 19 0.00065864677915981472
45 19 -0.00021557193764103663
46 19 0.00010348389609107465
47 19 1.317578241816286e-05
48 19 0.00038551240815987836
16 20 -0.21772577084545097
17 20 -0.2069006535623322
18 20 -0.10453920088800732
19 20 0.053498620428976768
20 20 0.081310578933858041
22 20 0.023009750734377898
31 20 -0.0064670664137681955
32 20 0.00025741846214072004
33 20 -5.7505646542359627e-05
34 20 -0.010031801275737315
35 20 3.5739529643577372e-06
36 20 0.0030694880021049659
37 20 -0.0019326236075724022
38 20 0.00015658342051089451
39 20 -0.00092256231973252088
40 20 0.023553808806887302
41 20 9.8509943599345092e-05
42 20 -0.0084777605116719383
43 20 -0.018908097753404511
44 20 0.00065359257826675754
45 20 -0.00077599542763727187
46 20 -0.00012675112880413552
47 20 7.7243085086570543e-06
48 20 0.0013795296591347407
10 21 -0.076976411130720929
11 21 -0.0071854732393007454
12 21 -0.00080012941846745026
13 21 0.00016580067738840222
14 21 -1.8857921836087437e-05
15 21 -4.5664785831198687e-07
16 21 1.7054644327895662e-06
17 21 3.2529242427315102e-06
18 21 1.2679765709506883e-07
19 21 -1.7431867714472716e-05
20 21 -8.5193198438931501e-07
21 21 0.0037266591468967168
22 21 2.7111046152687178e-07
23 21 -0.0034842882766915723
24 21 -0.0014814918484740583
25 21 0.0022224015662049472
26 21 -5.844152030760728e-05
27 21 0.0019475158583229125
28 21 0.00052440954549038766
29 21 -0.000913782496023951
30 21 0.0010898415662694938
31 21 -7.9453587713511104e-05
32 21 -0.00019265727774285494
33 21 -0.00018613444435105038
34 21 -1.2814295128874675e-07
35 21 1.7818529207464462e-05
36 21 4.196765960458471e-05
37 21 -1.0713208605425569e-06
38 21 0.00022416129168698548
39 21 -9.7388841385412592e-05
40 21 8.1628513704461431e-06
41 21 0.00021521101573557727
42 21 3.5253816862440417e-05
43 21 1.7896386059539867e-06
44 21 2.1471264458107111e-05
45 21 1.432305185352776e-05
46 21 3.5716072975525068e-07
47 21 1.9478116797475383e-05
48 21 -8.4357824898452949e-06
17 22 -0.083242647978623255
19 22 -0.024603659073479656
20 22 0.097794249157092075
22 22 0.017282942774903033
34 22 0.00019604487210128012
36 22 -5.998497839510426e-05
37 22 -0.001310268630128811
38 22 -3.0600064538243197e-06
39 22 -1.2856177638779527e-05
40 22 0.0032426489292911817
41 22 1.3727650772324157e-06
42 22 -0.0062724083070559312
43 22 -0.019996887914310403
44 22 0.00035462414295451996
45 22 -0.0005701562496459511
46 22 -0.00033860528288756414
47 22 1.2109985589677347e-07
48 22 0.0010197000452323612
9 23 -0.00059413417687802976
10 23 0.055885628741187292
11 23 -0.0051157454693076341
12 23 -0.00056965746180733759
13 23 0.00011804289514553916
14 23 -1.3426022891000291e-05
15 23 -5.0785687255207824e-05
16 23 1.629869664178819e-05
17 23 2.6839599473493584e-06
18 23 0.00010204733036940873
19 23 -1.2505893385284101e-05
20 23 -1.2259776706236795e-05
21 23 -0.24296164701074205
22 23 -9.7649261302731986e-07
23 23 0.06009052508383974
24 23 0.084640931082178558
25 23 -0.006839584434519163
26 23 -0.0091821239750124843
27 23 0.0011614832498219119
28 23 -0.014345038446730636
29 23 0.00037564724475080676
30 23 -0.018810835002320815
31 23 0.0015280400768863099
32 23 0.0033190588617252026
33 23 0.004565443225194755
34 23 1.0552913096839215e-07
35 23 -0.00053909410548055284
36 23 2.9818950211895118e-05
37 23 -6.7022999078851155e-07
38 23 7.3260750563243935e-05
39 23 -5.8472419377493079e-06
40 23 -0.00020067873456885131
41 23 0.0014230794963968675
42 23 -0.00059650226156668709
43 23 -2.6955272920034481e-05
44 23 5.0437777627271527e-05
45 23 -0.00026183645223539192
46 23 -7.6851533797478921e-07
47 23 0.0011052697199070772
48 23 0.00014747559993885738
11 24 0.01802733932622021
12 24 0.0020074119061095639
13 24 -0.00041597052445341276
14 24 4.7311867236119433e-05
15 24 1.1456650968173431e-06
16 24 -4.2787698199943679e-06
17 24 -8.1611283172652338e-06
18 24 -3.1811744530899745e-07
19 24 4.3734098494696189e-05
20 24 2.1373772407147523e-06
21 24 -0.33794974442354586
22 24 -6.8017792594391524e-07
23 24 0.080966039361618392
24 24 0.11836630851949091
25 24 -0.016842993320774664
26 24 -0.012082175502354339
27 24 -0.0051871479639282406
28 24 -0.019901472519800872
29 24 0.0036654985972765543
30 24 -0.025325159155972627
31 24 0.0018464628441342663
32 24 0.0044768609666680529
33 24 0.0062974343194542063
34 24 3.2149259877701948e-07
35 24 -0.00074050705947314153
36 24 -0.00010529094121193591
37 24 2.6877930008321022e-06
38 24 -0.00067788622078266347
39 24 0.00032924936718227893
40 24 -0.00019079395697459481
41 24 0.0011589708530472718
42 24 -0.00081799478215602436
43 24 -4.0118874743068444e-05
44 24 -6.8037210169646009e-06
45 24 -0.00035849998089626138
46 24 -2.1542402332287448e-06
47 24 0.0013998236112890317
48 24 0.00020209953539541064
11 25 -0.29268337534557615
12 25 -0.03259139253758267
13 25 0.006753501164989786
14 25 -0.0007681331529844007
15 25 -1.8600477945428577e-05
16 25 6.946808791806937e-05
17 25 0.00013250022864169241
18 25 5.1648047426459013e-06
19 25 -0.00071004618782018495
20 25 -3.4701448387856574e-05
21 25 0.0056396597790074523
22 25 1.1043047872919739e-05
23 25 -0.0013511503505709984
24 25 -0.14860119768090307
25 25 0.099197773770897085
26 25 0.0070331386440774177
27 25 0.079559272289257299
28 25 -0.0014832496446542873
29 25 -0.038277665926467863
30 25 0.00042262284214040108
31 25 -3.0494343215745161e-05
32 25 -7.4721957125844325e-05
33 25 0.00035893107703049759
34 25 -5.219602141832436e-06
35 25 1.3766326435680424e-05
36 25 0.0017094540414180691
37 25 -4.3637738962929709e-05
38 25 0.0092195923623958845
39 25 -0.0040322721146251843
40 25 1.0050747239282168e-06
41 25 0.0074583136688164686
42 25 1.6035033357871242e-05
43 25 3.5508192339645111e-06
44 25 0.00083835158373804248
45 25 -1.8254058852090077e-05
46 25 1.2099271743996009e-05
47 25 1.5378547443671911e-05
48 25 2.188090566639693e-06
24 26 -0.16465987009918098
25 26 -0.087424347666092361
26 26 0.028361717276117498
27 26 -0.00233631187612347
28 26 -0.0080166747235231386
29 26 0.021762515743996021
33 26 0.002049116194117493
35 26 -7.9155863156957076e-06
38 26 -0.0020003329106666958
39 26 0.0013796721310938614
41 26 -0.009438904665467894
44 26 -0.00052206575359138206
45 26 -0.00010466420239587569
47 26 -0.0034067142651956687
48 26 2.5459771516116911e-05
11 27 -0.24568530969230842
12 27 -0.19948591456950648
13 27 0.041336937502460584
14 27 -0.0047016016378420497
15 27 -0.00011385010168236797
16 27 0.0004252013790374484
17 27 0.00081100950997343329
18 27 3.1612819135345269e-05
19 27 -0.0043460620162383235
20 27 -0.00021240117802746514
21 27 0.0047340630732057203
22 27 6.7592463317544106e-05
23 27 -0.001134187385699508
24 27 -0.0078490321013087606
25 27 0.098331863963693034
26 27 -0.0093313267549557932
27 27 0.095888707071115672
28 27 0.0030305138503743285
29 27 -0.043202525799382038
30 27 0.00035475955452444672
31 27 -2.3910220623775952e-05
32 27 -6.2790536471628812e-05
33 27 -0.00079155909664244183
34 27 -3.1948223929115451e-05
35 27 1.4925304874725987e-05
36 27 0.010463253525408145
37 27 -0.00026709856771928793
38 27 0.064660684332127169
39 27 -0.017691365141313999
40 27 -1.0675619654184455e-05
41 27 0.012647266664217631
42 27 2.606634024170748e-05
43 27 1.8213684749404751e-05
44 27 0.0030012046208252661
45 27 4.1845796412128686e-05
46 27 7.393310446362781e-05
47 27 0.0019592539265534232
48 27 -1.384029143039644e-05
21 28 0.045601524141210555
23 28 -0.10642219690233042
24 28 -0.017023133729387272
25 28 0.0016729671738635232
26 28 -0.20933934872044707
27 28 4.4708061095181743e-05
28 28 0.072832639057804849
29 28 -0.019237751297686963
30 28 0.033287525183767402
31 28 -0.0024270265442630432
32 28 -0.005884409064482855
33 28 -0.020207580677844783
35 28 0.00054906865649400271
38 28 0.0019089077512585467
39 28 -0.0012475547366844382
40 28 0.00025095718121576343
41 28 0.038503601675754486
42 28 0.0010749834940212495
43 28 5.2498956719485167e-05
44 28 0.0015131087741052775
45 28 0.0011911361853780664
46 28 1.8539105853463294e-06
47 28 0.022263253278930091
48 28 -0.00044073597625310617
25 29 -0.25609913334856516
26 29 0.13534770350098393
27 29 -0.275294616842089
28 29 -0.039106537155656033
29 29 0.1282171794854432
33 29 0.0099958949745556497
35 29 -6.2132495594926447e-05
38 29 0.0064186824908400095
39 29 0.004511580941969801
41 29 -0.050028471604432044
44 29 -0.0023728478875860684
45 29 -0.00050503856748881665
47 29 -0.016690611763422392
48 29 0.00012285161727462743
9 30 0.025770793887321234
10 30 -0.0038627880748086998
11 30 0.00035359789337100937
12 30 3.9374452784378336e-05
13 30 -8.159068761590803e-06
14 30 9.2800031570983704e-07
15 30 0.0021887688808302969
16 30 -0.0006543789277594958
17 30 -1.6123035035336104e-05
18 30 -0.0044224319746668309
19 30 4.985390736233732e-06
20 30 0.00050550551745963152
21 30 0.00017324785865250854
22 30 5.0714661209858034e-05
23 30 -0.28764027690665761
24 30 -5.1527292290801849e-05
25 30 -9.7135956361781269e-05
26 30 1.6148105073124113e-05
27 30 -9.5510663719537079e-05
28 30 0.027683315151343899
29 30 4.3477241898768964e-05
30 30 0.090632788669595926
31 30 -0.013397146394714418
32 30 -0.015751396074518659
33 30 -0.011392476783529054
34 30 -8.528292125812869e-06
35 30 0.001062263029750423
36 30 5.4614717066953789e-07
37 30 -3.9596770179042555e-06
38 30 -1.0772435029897381e-05
39 30 3.8612230004714094e-06
40 30 0.0032348161835364987
41 30 -1.2344815489723859e-05
42 30 0.0024527477840179559
43 30 2.7490598488818125e-05
44 30 9.3800072165027802e-08
45 30 0.0010258639305196823
46 30 2.0808166632480697e-06
47 30 -0.0002896278447963173
48 30 -0.00059405086455401317
9 31 -0.28052511888097287
10 31 0.042047951205369381
11 31 -0.0038490506543054225
12 31 -0.00042860623915995014
13 31 8.8814638164071155e-05
14 31 -1.0101644521481303e-05
15 31 -0.023825600917943477
16 31 0.0071231692475430151
17 31 0.00017550550983355404
18 31 0.10839318155488753
19 31 -5.4267917979745232e-05
20 31 -0.010836093673221319
21 31 -0.0018858703521849769
22 31 -0.001075071695806927
23 31 0.0020201855673255111
24 31 0.00056089462585796695
25 31 0.0010573626806045637
26 31 -0.00017577840694962975
27 31 0.0010396707377922688
28 31 -0.00023056747262903738
29 31 -0.000473266695065588
30 31 -0.08854804687111438
31 31 0.084084672002390615
32 31 0.012563132214004707
33 31 -0.005099564123468449
34 31 0.00017575008478265905
35 31 0.00031261091253664152
36 31 -3.1315404253546098e-05
37 31 8.4378944997657245e-05
38 31 0.00011596793073703707
39 31 -3.3825905849614275e-05
40 31 -0.040640571527880698
41 31 0.00013350200033652188
42 31 0.0045241511506879488
43 31 0.0021964173851096655
44 31 -1.3319222859081277e-05
45 31 0.00023565458802055289
46 31 5.391106469391649e-05
47 31 -5.6738201901016818e-05
48 31 -0.00069277557794291344
30 32 -0.21602745246381785
31 32 -0.027485095921216774
32 32 0.039909280097272418
33 32 -0.014830278681570564
35 32 0.00092169589671872948
40 32 0.0093365422091466616
42 32 -0.0089916492202933521
43 32 -0.00043912507110889845
45 32 -0.0014295338457656853
46 32 -1.5506948489846679e-05
47 32 -0.00024908437992235524
48 32 0.0016106838121541271
23 33 0.03392991664708149
28 33 -0.2469285233438259
30 33 0.01757112749526616
31 33 -0.0012811283689073173
32 33 -0.19436717984519106
33 33 0.10823503837438771
35 33 -0.0098852403293151273
40 33 -0.011525720986857889
42 33 0.038560863010025578
43 33 0.0018831964299810097
45 33 0.0058834072242588149
46 33 6.6501850969781504e-05
47 33 0.0026714439833969623
48 33 -0.0068473227575471026
12 34 0.008262645110700113
13 34 0.060452041829602864
14 34 -0.0068757251032454591
15 34 -0.00016649687966839265
16 34 0.00062182379984116148
17 34 0.0011860380517594309
18 34 4.6231278371984031e-05
19 34 -0.16546919301277566
20 34 -0.00031062012995057846
22 34 -0.15749043585951752
27 34 -0.001377791803119033
29 34 0.00030668660344853097
31 34 2.8599869243818265e-06
32 34 -1.1384040130615648e-07
33 34 2.5431221309113112e-08
34 34 0.047118398258812408
35 34 -1.5805402469128202e-09
36 34 -0.014850067478962073
37 34 0.01284477673283217
38 34 -0.0034468425338505162
39 34 0.0050915746221932914
40 34 -1.9523593697585054e-05
41 34 -0.00060920100320672761
42 34 2.1365656305918967e-05
43 34 0.038738422883919918
44 34 -0.0041960044306186368
45 34 1.9444957401165733e-06
46 34 -0.0022295272853581098
47 34 -5.3740853820562629e-05
48 34 -3.4739746235407997e-06
8 35 0.045679541626157685
26 35 0.0056339132954896674
28 35 0.010971176071013106
29 35 0.00050785101726280807
33 35 -0.067021345839269178
35 35 0.0054656434324349143
38 35 -5.0474773597571769e-05
39 35 3.2950106473459777e-05
41 35 -0.0010340604979511866
44 35 -4.0558315438705077e-05
45 35 0.0017181979282835686
47 35 -0.0026408233748430559
48 35 -0.00041795499962926066
12 36 -0.047738040163207505
13 36 0.0098921489618701529
14 36 -0.0011251182736538672
15 36 -2.7244934753548432e-05
16 36 0.00010175295109805079
17 36 0.00019407888844385178
18 36 7.565115726651981e-06
19 36 -0.0010400357515502
20 36 -5.0828731388224366e-05
22 36 1.6175235908492008e-05
27 36 0.0079602935322320035
29 36 -0.0017719044200487427
31 36 4.6799770245530132e-07
32 36 -1.8628423019586465e-08
33 36 4.1614711738130579e-09
34 36 -0.35929483373168736
35 36 -2.586337713250962e-10
36 36 0.11243708209985193
37 36 -0.0066329797307879586
38 36 0.021273355431261607
39 36 -0.035491154312590617
40 36 -3.1947687999012523e-06
41 36 0.0041682991746824659
42 36 3.4961971250204056e-06
43 36 4.2247393113843238e-06
44 36 0.0069257857197069887
45 36 3.181901046646825e-07
46 36 0.0018194042374336304
47 36 0.0003677107858507916
48 36 -5.6846838296525642e-07
4 37 0.057006477181064712
5 37 -0.0097186976990354165
6 37 -0.00087345130158951163
7 37 -8.5365133744028866e-05
8 37 1.102236634372327e-05
22 37 -0.078121158529021822
34 37 0.022995447075905884
35 37 2.6925581761634737e-07
36 37 -0.028284888323878262
37 37 0.0086929286421524761
38 37 -0.001442893589903032
39 37 0.0082924213520531483
41 37 -0.00073067531172350863
43 37 0.019190857821626658
44 37 -0.0020247309179170412
45 37 -1.7937687995524854e-07
46 37 -0.0044217255938537176
47 37 8.4161059481163074e-05
48 37 4.3633776156445622e-08
12 38 -0.32610565481360099
13 38 0.067574741311030875
14 38 -0.0076858503222640515
15 38 -0.0001861142027989526
16 38 0.00069508954774017404
17 38 0.0013257817619889835
18 38 5.167843106558642e-05
19 38 -0.0071046389552085337
20 38 -0.00034721862640428586
22 38 0.00011049544304017451
27 38 -0.011578553181575933
29 38 -0.075513177103439993
31 38 3.1969619341028381e-06
32 38 -1.2725352918088534e-07
33 38 2.8427628731398056e-08
34 38 -5.2226727420925976e-05
35 38 -1.7667657714169286e-09
36 38 0.071877279563110907
37 38 -0.0018061560004144616
38 38 0.12069953432076866
39 38 -0.047269495029361897
40 38 -2.1823940989366743e-05
41 38 0.021182247349286382
42 38 2.3883042724718415e-05
43 38 2.8859822792171753e-05
44 38 0.0078750044664555041
45 38 2.1736039452423277e-06
46 38 0.0004964512909424397
47 38 0.0018686137923770675
48 38 -3.8832921006796968e-06
29 39 0.036778829152089569
36 39 -0.30734520930302339
37 39 0.037706770466264847
38 39 -0.22540445810968351
39 39 0.13213637808876438
41 39 -0.021967861970325502
44 39 -0.029512433308461754
46 39 -0.010341949871085328
47 39 -0.0019379171011037017
18 40 -0.18895420883885156
20 40 0.047399826900675256
22 40 0.0046482302219471019
31 40 -0.27677187368354111
32 40 0.070237946177438199
33 40 -0.01569071026666705
34 40 -0.00073689718074081427
35 40 0.00097517137606869945
36 40 0.00022547267364032386
37 40 -0.00036683259343225748
38 40 1.1502010252565631e-05
39 40 -7.291988971891364e-05
40 40 0.11011019669983381
41 40 7.7862861617449515e-06
42 40 -0.033057273219125438
43 40 -0.010242266551615043
44 40 0.00010929682070215059
45 40 -0.0044713783047360539
46 40 -0.00025887600760255894
47 40 -0.00026284902475874145
48 40 0.0057308220693259564
6 41 -0.22988764591107216
7 41 -0.022467640272086208
8 41 0.0029010270481213524
26 41 -0.15665023739326162
28 41 0.045261560932338907
29 41 -0.18379479826677672
33 41 -0.011569160615354436
35 41 0.00014277827303319179
38 41 0.018267169928944286
39 41 -0.11597920060789753
41 41 0.11802915161062437
44 41 0.051394801602849531
45 41 0.0005373161582619331
47 41 0.063737234578250271
48 41 -0.00013070320422950638
2 42 -0.081247103021605094
3 42 -0.0078567355455980495
4 42 0.00091736259694654798
5 42 -0.00015639573257277104
6 42 -1.4055798462821829e-05
7 42 -1.3737172449962134e-06
8 42 1.7737469693940053e-07
20 42 -0.064757335880545011
22 42 -0.0063503819615940557
32 42 -0.21804840367097431
33 42 0.048710625983672588
34 42 0.0010067441457677516
35 42 -0.0030273416165097346
36 42 -0.00030803930337988124
37 42 0.0005301690065672264
38 42 -1.5713971757484498e-05
39 42 0.00010028721397195536
40 42 -0.1981624650975812
41 42 -8.2178033434029533e-06
42 42 0.081979332534817956
43 42 0.030715655644211345
44 42 -0.0001328690598073591
45 42 0.012004489275008558
46 42 0.015188468335395089
47 42 0.00081979397598035586
48 42 0.0030227872047022004
2 43 -0.13920161272808482
3 43 -0.013461036985337075
4 43 0.0015717280764758616
5 43 -0.00026795463946733964
6 43 -2.4081964050895959e-05
7 43 -2.3536058373060348e-06
8 43 3.0389814470743774e-07
20 43 -0.12641725474894866
22 43 -0.24276512050632296
34 43 0.038486246235965638
35 43 7.4236639278360152e-09
36 43 -0.011775858374813293
37 43 0.019208417839323196
38 43 -0.00060072044018925398
39 43 0.0038095570204458198
40 43 -0.0041917268069323983
41 43 -0.0004025118980230113
42 43 0.054632072153431174
43 43 0.10784067635487396
44 43 -0.0056801054701108517
45 43 0.0049660010674809031
46 43 0.022843453986207331
47 43 -3.1410430890964103e-05
48 43 0.021028713032228134
4 44 -0.0024878334714917554
5 44 -0.24999825974902384
6 44 -0.17704064735104358
7 44 -0.017302737441398718
8 44 0.0022341335679298222
35 44 5.4575709220518575e-05
37 44 -0.30412305424498198
39 44 -0.12826460436687709
41 44 0.075789553216477207
44 44 0.16398003331723621
45 44 -3.6358064713277156e-05
46 44 0.083529629488940993
47 44 0.03680943561199132
48 44 8.8441702050815542e-06
1 45 -0.063523962592384353
2 45 -0.0083898148944981325
3 45 -0.00081130962768066934
4 45 9.4729560726257439e-05
5 45 -1.6149883476166052e-05
6 45 -1.4514431027293115e-06
7 45 -1.4185408432142376e-07
8 45 -0.012657895482077309
32 45 -0.03203541747344766
33 45 -0.059394422738625288
35 45 -0.28788212577055383
37 45 2.9951104718966846e-06
39 45 6.8621725398967909e-08
40 45 -0.0019526978257428048
41 45 2.4987259796441715e-07
42 45 0.093492598470815758
43 45 0.0061070675494407471
44 45 1.6988351746291185e-06
45 45 0.083250662314639803
46 45 0.0016865646872635353
47 45 0.07795458006002802
48 45 -0.020129913030752331
2 46 -0.11044053210037667
3 46 -0.16499229269862181
4 46 -0.048299466161011828
5 46 0.0082342908008983806
6 46 0.00074004277532215695
7 46 7.2326700271342105e-05
8 46 -9.3388407170294552e-06
22 46 0.00038790922651195186
34 46 -6.1496354903064059e-05
35 46 -2.281304317456764e-07
36 46 1.8816393821982923e-05
37 46 -0.22032487431099732
38 46 9.5987842412338432e-07
39 46 -0.0050533023222246905
41 46 0.00040844698694925179
42 46 0.0086398426528868453
43 46 0.051480052842660093
44 46 0.058766223569683751
45 46 0.00078550587268331811
46 46 0.098642465258789433
47 46 -8.9887206809394576e-05
48 46 0.02232570904944161
6 47 -0.16777513532634905
7 47 -0.17075430153888008
8 47 -0.0021691601453439208
26 47 -0.068974724188686845
28 47 0.019929134699107769
29 47 -0.0062175049574669959
33 47 -0.0050940214060155413
35 47 -0.2851036612044216
38 47 0.00061795121876761778
39 47 -0.00040340068914696014
41 47 0.11237349739525394
44 47 0.026563675377939643
45 47 0.067312069367849919
47 47 0.13348199795814927
48 47 -0.016373792253252785
1 48 -0.2879252501999221
2 48 -0.28318755942081381
3 48 -0.027384727349367987
4 48 0.003197476159416427
5 48 -0.00054511883087494158
6 48 -4.8991620800791774e-05
7 48 -4.7881046766838491e-06
8 48 0.053215570071655928
35 48 0.0012999569586727825
37 48 0.00010109615473022677
39 48 2.3162392953058643e-06
41 48 8.4341325849852754e-06
42 48 -0.13215471097118853
43 48 0.045566219756394299
44 48 5.7342026374972872e-05
45 48 -0.28057553446725148
46 48 0.051257594090964996
47 48 -0.00099552124818567023
48 48 0.19955883666399846


# name: BSOR
# type: sparse matrix
# nnz: 1199
# rows: 48
# columns: 48
1 1 -0.79999999999999982
2 1 -0.19018545057712902
3 1 -0.033104272295513326
4 1 0.0069575357154657864
5 1 -0.0021350685298681367
6 1 -0.0003453941257835599
7 1 -6.0761611138327515e-05
8 1 0.26615795822710409
35 1 0.01170313502209289
37 1 0.00039596360688685418
39 1 1.6329638281629752e-05
41 1 0.00010703013384680228
42 1 0.026781021477245499
43 1 0.065239381452214737
44 1 0.00045652091283421265
45 1 0.060516788131196771
46 1 0.066118011612896738
47 1 -0.011447822258434664
48 1 0.29984476586156356
1 2 0.33283066412292267
2 2 -0.72087556272237108
3 2 -0.125477847265003
4 2 0.026371720122793343
5 2 -0.0080927259327617952
6 2 -0.001309175775695048
7 2 -0.00023030973446360538
8 2 -0.11067250944032546
35 2 -0.0048663407618599669
37 2 0.0015008534410279788
39 2 6.1895571662295344e-05
41 2 0.00040568512328851463
42 2 0.10151030938015873
43 2 0.24728219573742882
44 2 0.0017303887807150128
45 2 -0.0067475583203437522
46 2 0.25061253993349875
47 2 0.0052926563180882135
48 2 0.14811465662161671
2 3 0.071143917634514872
3 3 -0.78761646795590479
4 3 0.16553361019311438
5 3 -0.050797526051235969
6 3 -0.0082176130915656634
7 3 -0.00144563955748291
8 3 0.00033599038141733802
35 3 1.4773711167773641e-05
37 3 0.0094207616077871693
39 3 0.00038851456729099853
41 3 0.0025464597207500383
42 3 -0.010018152179168077
43 3 -0.024404522882683737
44 3 0.010861540338502474
45 3 -0.0016517744404066373
46 3 0.093446070907991924
47 3 0.002997306759771196
48 3 -0.024259938644770516
3 4 -0.23682763552855024
4 4 -0.75022585852695156
5 4 0.23022283842160121
6 4 0.037243589561478746
7 4 0.0065518789620299884
8 4 -0.0015227643018330401
35 4 -6.6956916674153671e-05
37 4 -0.042696458785225384
39 4 -0.0017608126498061525
41 4 -0.011540979067485271
44 4 -0.049226307671727983
45 4 5.7198969647895726e-05
46 4 0.12511489369631362
47 4 -0.01358429284841102
48 4 -2.5044769813773588e-05
4 5 -0.37487079173780469
5 5 -0.6849628858638841
6 5 -0.11080775808716176
7 5 -0.01949326119176998
8 5 0.0045305541267108103
35 5 0.00019921135187156436
37 5 -0.021334448989327914
39 5 -0.00087983801762154428
41 5 0.035512927848451073
44 5 0.22571686494930226
45 5 -0.00017017934270585069
46 5 0.042233762357948151
47 5 0.040602955509106177
48 5 7.4513623083840216e-05
5 6 0.23501548435451131
6 6 -0.76198109492567911
7 6 -0.1340474418306824
8 6 0.031154827547143858
35 6 0.0013698976194547385
41 6 0.24304547232813367
44 6 0.13642305940417984
45 6 -0.0011702559832203717
47 6 0.27902580269472593
48 6 0.00051240069363773448
6 7 0.088466700767979772
7 7 -0.78443696962546694
8 7 0.18231603808713379
35 7 0.0080165523685230746
41 7 -0.028217801224533635
44 7 -0.023217829094491025
45 7 -0.0068482624108783157
47 7 0.068127131025381649
48 7 0.0029985357561606927
1 8 -0.19862003761857838
2 8 -0.047218301685169564
3 8 -0.0082189647608381516
4 8 0.0017273825069230218
5 8 -0.00053008423965081536
6 8 -8.5752742820458344e-05
7 8 -0.24114514347088548
8 8 -0.67787703378803488
35 8 -0.029806685126536697
37 8 9.8307883119318727e-05
39 8 4.0542417122438487e-06
41 8 2.6572911513716688e-05
42 8 0.0066490593665930716
43 8 0.016197310497814598
44 8 0.00011334275110099885
45 8 0.042969774988098799
46 8 0.016415452442273944
47 8 0.062246085603895863
48 8 0.062208171554408227
9 9 -0.79999999999999993
10 9 0.21584181116209752
11 9 -0.035564513209217441
12 9 -0.0071284356901855188
13 9 0.0026588436695018283
14 9 -0.00054434324630345363
15 9 -0.12232476394190793
16 9 0.065902606238052677
17 9 0.0030609621073231252
18 9 0.26623503293418804
19 9 -0.0019191705814245708
20 9 -0.063531011436535806
21 9 -0.016876863192076496
22 9 -0.011542316249965465
23 9 0.021141996442808991
24 9 0.0089843107152926174
25 9 0.016913184808270986
26 9 -0.0050636553278073657
27 9 0.018586002115748058
28 9 -0.0024369796112365927
29 9 -0.014775383065211591
30 9 -0.048923439147024204
31 9 0.40013108651327339
32 9 -0.012845860486832932
33 9 0.0052404645242630308
34 9 0.0037527532310256632
35 9 -0.0007136925962536499
36 9 -0.0013944719017125074
37 9 0.0017139953194926121
38 9 0.0044644736700670809
39 9 -0.00203360318228645
40 9 -0.27421136509149702
41 9 0.0075652191803301091
42 9 0.087180150380553531
43 9 0.030828015392640424
44 9 0.00015759364296048643
45 9 0.014751741427449084
46 9 0.0011035320932026578
47 9 0.0023763506316961309
48 9 -0.028500333462020685
9 10 -0.17756456711400107
10 10 -0.75209267779487521
11 10 0.12392320945594693
12 10 0.024838766214271078
13 10 -0.0092646408240700268
14 10 0.0018967435806237854
15 10 -0.027062739516216849
16 10 0.014277994536855368
17 10 4.5623584191285035e-05
18 10 0.059047356513525814
19 10 0.0017018695977107949
20 10 -0.013793799365769906
21 10 0.058806795414509096
22 10 -0.0025506809343581855
23 10 -0.070761330301172889
24 10 -0.031305492979444433
25 10 -0.058933356720858775
26 10 0.017644116653843595
27 10 -0.064762225749840377
28 10 0.007987996045739772
29 10 0.051484266904221671
30 10 0.031623029293729232
31 10 0.083231053746389339
32 10 -0.016190847707047214
33 10 -0.0001745912962828678
34 10 0.00019916221198079014
35 10 0.00045201670384777321
36 10 -0.0024525755705088869
37 10 0.00046322024157049698
38 10 -0.016227661443439612
39 10 0.011223883897155409
40 10 -0.059770065401417799
41 10 -0.027156026862755655
42 10 0.023558676039739941
43 10 0.0071201086051308352
44 10 -0.0047659425896038957
45 10 0.0045315150273172716
46 10 0.00022172128569616247
47 10 -0.0074167682599472363
48 10 -0.0079403377596451736
10 11 -0.36839415454449864
11 11 -0.73929925483410219
12 11 -0.14818274505500911
13 11 0.055270857554535986
14 11 -0.011315564872172036
15 11 -0.00049321506987281139
16 11 0.0019599855085898218
17 11 0.0035545424315875707
18 11 0.0002525462023652581
19 11 -0.011934055490815929
20 11 -0.0017233401546843032
21 11 0.056552150198809284
22 11 -6.2827031645677899e-05
23 11 -0.046711746668513542
24 11 -0.069083457758130615
25 11 0.39684201158964605
26 11 -0.059914370937626485
27 11 0.38853458292311166
28 11 0.044046602442543992
29 11 -0.31807075180305711
30 11 0.02629952472282918
31 11 -0.0034234223791078273
32 11 -0.0082604921678930184
33 11 -0.018663456439091976
34 11 0.0035545893271783421
35 11 0.0022579175330348115
36 11 0.012019440337114932
37 11 -0.0004643256241770729
38 11 0.098252911504853227
39 11 -0.066970257451745591
40 11 0.00045510847891646971
41 11 0.15285325384731585
42 11 0.0028708918670453994
43 11 0.00077006058445336682
44 11 0.026748797255576207
45 11 0.001695293303487568
46 11 0.00027812812926250672
47 11 0.032969046248305982
48 11 -0.001468120405768296
11 12 0.19535354522912124
12 12 -0.76084396893545481
13 12 0.2837880929567636
14 12 -0.058099742212860024
15 12 -0.0025324116594108307
16 12 0.010063541155603985
17 12 0.018250790065973008
18 12 0.0012966979041711595
19 12 -0.061275380893758231
20 12 -0.0088484861218429949
21 12 -0.0067756139368894729
22 12 -0.00032258525171730278
23 12 0.0029219442854390926
24 12 0.013125128226632879
25 12 -0.10395472035630907
26 12 0.016741043977933343
27 12 0.13749594333013604
28 12 -0.0097967623335609173
29 12 -0.012379474931745488
30 12 -0.0016451053847111523
31 12 0.00036029406233626564
32 12 0.00050624444222096263
33 12 0.0044114122589635858
34 12 0.018251030851277633
35 12 -0.00048321314362154616
36 12 0.061713789193732424
37 12 -0.0023840788659041955
38 12 0.44724441456713354
39 12 -0.19171769576125952
40 12 -0.001064545454970282
41 12 0.036678026684594037
42 12 0.0010629815955741709
43 12 0.0027515227493063654
44 12 0.052018442975693406
45 12 -6.1031114874494458e-05
46 12 0.0013516220802716819
47 12 0.0033219533378993412
48 12 -0.00024202453807866368
12 13 -0.17845661847873961
13 13 -0.73343725454714026
14 13 0.15015610758901307
15 13 0.0065449012871178647
16 13 -0.026008758575057144
17 13 -0.047168326267102566
18 13 -0.0033512560055055643
19 13 0.1583633994851763
20 13 0.0228685048075352
22 13 0.0008337067243091949
27 13 0.053563588069526311
29 13 -0.021461169054329252
31 13 -0.00037317131708947783
32 13 2.6737028003955561e-05
33 13 -1.0751187481131959e-05
34 13 -0.088285977920165903
35 13 1.2027276141040541e-06
36 13 0.065456762741343058
37 13 -0.0047498261053503547
38 13 0.11023241435249075
39 13 -0.073882072020774153
40 13 0.0026454645953037739
41 13 0.022454329465816436
42 13 -0.003172695838298828
43 13 -0.0071485853192034422
44 13 0.022423125160573817
45 13 -0.00052002090860797971
46 13 0.0018912666324137118
47 13 0.0035649113217868559
48 13 0.0010298265365839957
13 14 -0.21987483842316388
14 14 -0.7549851746830466
15 14 -0.032907775253888737
16 14 0.13077208414208713
17 14 0.23716242794296469
18 14 0.016850121126270858
19 14 -0.12110789266333402
20 14 -0.1149828826418005
22 14 -0.047486092850358125
31 14 0.0018763060427128238
32 14 -0.00013443382411937882
33 14 5.4056989681094522e-05
34 14 0.02439123538057399
35 14 -6.0473165721359895e-06
36 14 -0.013433628133053021
37 14 0.0075692652453442609
38 14 -0.0012335184873516916
39 14 0.0074270910461857039
40 14 -0.013301400666764334
41 14 -0.0014274983358331223
42 14 0.015952320289564323
43 14 0.055086896484271286
44 14 -0.0056390416067864163
45 14 0.0026146660487419257
46 14 -0.00027579393241136316
47 14 -0.00022372909925683006
48 14 -0.0051779696483887482
9 15 0.14216584734153373
10 15 -0.038356667469488639
11 15 0.0063200739445969595
12 15 0.0012667751251435691
13 15 -0.00047249595402925042
14 15 0.055101401736068485
15 15 -0.77586448966543153
16 15 0.40922896392326463
17 15 0.0010814719897833565
18 15 0.22048474953660402
19 15 0.0031336766059662548
20 15 -0.16076198480721651
21 15 0.0029991419452108713
22 15 -0.02873736772357207
23 15 -0.0037570872984795411
24 15 -0.0015965776820239951
25 15 -0.003005596561889751
26 15 0.00089984856290400755
27 15 -0.0033028684243460774
28 15 0.00043306908923186464
29 15 0.0026256935665769426
30 15 0.008694052726498324
31 15 -0.041286344459153301
32 15 0.00014626499771869337
33 15 -7.2148536681242051e-05
34 15 0.0075190538385655828
35 15 3.0719219123046261e-05
36 15 -0.0042606537467852644
37 15 0.0042679866534291152
38 15 -0.0012073508946210082
39 15 0.0029378037605018769
40 15 -0.063869474643690666
41 15 -0.0018395861760614708
42 15 0.034746158089979474
43 15 0.061462743559094063
44 15 -0.002927633066680159
45 15 0.0056711668963630377
46 15 0.0017752639608661185
47 15 -0.00045417416959990119
48 15 -0.011267801951283487
14 16 -0.20097386066454961
15 16 -0.58097770439124308
16 16 -0.45728737176418333
17 16 0.041521166565514606
18 16 0.15598669755267064
19 16 -0.032292875739096213
20 16 0.10251345025450326
22 16 0.01404613733127473
31 16 0.017369535863132814
32 16 -0.0012444948084714073
33 16 0.00050042199915383489
34 16 0.0029281328273637885
35 16 -5.5981849274207205e-05
36 16 -0.0016126877918745484
37 16 -0.0017933978841984952
38 16 -0.00014808212538718925
39 16 0.00078017728348226713
40 16 -0.053486976505604855
41 16 -0.00014995127525704714
42 16 0.0043663893507470616
43 16 -0.034969500190732597
44 16 0.00066208820361059444
45 16 0.00075675831374627783
46 16 -0.0013254478168086504
47 16 3.4213548603867147e-06
48 16 -0.0014352771729225066
14 17 -0.44207479910032793
15 17 -0.019268852716623121
16 17 0.12376744581365381
17 17 -0.6590591003346189
18 17 0.012280718540727117
19 17 0.27822042806887493
20 17 0.16094393929449699
22 17 0.1077083600570633
31 17 0.0013674908467510389
32 17 -9.7978165497560334e-05
33 17 3.9397857763615503e-05
34 17 -0.09049573185058625
35 17 -4.4074100234977157e-06
36 17 0.049841100310871175
37 17 -0.018713651306006468
38 17 0.0045765684485593516
39 17 -0.02716939512043734
40 17 0.0049131145744383681
41 17 0.005221999579490157
42 17 -0.018430138503538432
43 17 -0.094999506764204961
44 17 0.016278587700061919
45 17 -0.0030121761535009603
46 17 0.0032919807262655337
47 17 0.00083133907864959601
48 17 0.0059784726800320015
9 18 -0.32053845967178907
10 18 0.086482002103334885
11 18 -0.014249742853824444
12 18 -0.002856172245001841
13 18 0.0010653270679127542
14 18 -0.0002181036821285629
15 18 -0.42724701431924306
16 18 0.28885677603907578
17 18 0.012751981208918742
18 18 -0.56311932881799209
19 18 -0.0061332760769064847
20 18 -0.0026079675534975144
21 18 -0.0067621046645996415
22 18 -0.0019465916240302694
23 18 0.008471028717705548
24 18 0.0035997713973658059
25 18 0.0067766577582343565
26 18 -0.0020288703488552766
27 18 0.0074469106120481189
28 18 -0.00097643211354666594
29 18 -0.0059200981609794506
30 18 -0.019602304782542056
31 18 0.085738562613998731
32 18 0.00019675587293434358
33 18 -4.9053022844019068e-05
34 18 0.0018916304699907044
35 18 -4.5576492985734184e-05
36 18 -0.0007724226284587664
37 18 0.00033733365184894894
38 18 0.0017691722107384296
39 18 -0.00071603942151417591
40 18 0.14743463915939456
41 18 0.0030121957640491946
42 18 -0.040681557816152833
43 18 -0.0019740439212694652
44 18 0.00020626855119442464
45 18 -0.0066427257340945962
46 18 -0.00029367489708949563
47 18 0.0008321938407498615
48 18 0.013193813719055161
13 19 -0.21011490909299763
14 19 0.11608003251861831
15 19 0.0050596167311370713
16 19 -0.020106391872017557
17 19 -0.40188576076560861
18 19 -0.0025907298234052324
19 19 -0.56915775839113547
20 19 0.12901270758842406
22 19 0.11850549419426226
31 19 -0.00028848469315231358
32 19 2.0669389543882023e-05
33 19 -8.3113381963750124e-06
34 19 0.0739360795635393
35 19 9.2978342871252136e-07
36 19 -0.040720766413637685
37 19 -0.012968055362181839
38 19 -0.0037391103648881738
39 19 0.021032376725018002
40 19 0.0086899815354558284
41 19 -0.0040424551936787687
42 19 -0.016125285069150019
43 19 -0.090493781943822876
44 19 0.00070346277602922197
45 19 -0.0026390960833728725
46 19 0.00075102824982586545
47 19 -0.00064234895803753282
48 19 0.0052323960669810946
16 20 -0.39190638752181178
17 20 -0.38007030752539689
18 20 -0.19708084385297264
19 20 0.17689565587814793
20 20 -0.53280355634486409
22 20 -0.049372286857086473
31 20 -0.021945478934732914
32 20 0.0015723525843693927
33 20 -0.00063225641303501525
34 20 -0.023907349639198688
35 20 7.0730070374656659e-05
36 20 0.013167124981117578
37 20 0.0057057413506943974
38 20 0.0012090473198015771
39 20 -0.0067384767955319981
40 20 0.043508305351144021
41 20 0.0012951456164809116
42 20 0.044009340803421892
43 20 0.17716499230257582
44 20 -0.00097700341171150229
45 20 0.0071472465260849008
46 20 0.0084023664161842673
47 20 0.00017124853934941738
48 20 -0.014256063223691787
10 21 -0.13855754003529766
11 21 -0.0027870556165427371
12 21 -0.00055862838922103152
13 21 0.00020836346441749061
14 21 -4.2658109588406868e-05
15 21 -1.8593523822244271e-06
16 21 7.3888734289113002e-06
17 21 1.3400131791582354e-05
18 21 9.520641433577196e-07
19 21 -4.4989733408124161e-05
20 21 -6.4967532780812757e-06
21 21 -0.78827755436749058
22 21 -2.3684919235863474e-07
23 21 0.3315438182003097
24 21 0.49493135017459661
25 21 -0.086101891016950954
26 21 -0.087994856793271639
27 21 -0.0027489897302240942
28 21 -0.077591562845912662
29 21 0.019949627163552246
30 21 -0.18666492831743423
31 21 0.024497971811007158
32 21 0.058615807315064106
33 21 0.024334298623256499
34 21 1.340030858145298e-05
35 21 -0.0057483930862824292
36 21 4.5311622431938754e-05
37 21 -1.7504431802218114e-06
38 21 -0.0028851698790624261
39 21 0.0026300037653406382
40 21 -0.0046459331739285648
41 21 0.017743540606180511
42 21 -0.01867871682816729
43 21 -0.0016400304872371803
44 21 0.00044402661351531313
45 21 -0.0059846210294330444
46 21 -0.00010338277616040761
47 21 0.020000905468126485
48 21 0.0073428146705385175
17 22 -0.14983676636152185
19 22 -0.013291767700758711
20 22 0.19631904202265493
22 22 -0.74240944038713286
34 22 0.21470830714554945
36 22 -0.11825196675227885
37 22 0.11102017106841017
38 22 -0.010858271921025923
39 22 0.067208994638009348
40 22 0.011717138036460092
41 22 -0.012917672262553916
42 22 -0.024109366230666972
43 22 0.27034918065015051
44 22 -0.071636858849921617
45 22 -0.0039447353050531334
46 22 -0.038257679301584295
47 22 -0.0020511818779710526
48 22 0.0078226418766073353
9 23 -0.0010694415183804535
10 23 0.10072237073094778
11 23 -0.01659614541333836
12 23 -0.0033264775645316081
13 23 0.0012407468059748386
14 23 -0.00025401724514759801
15 23 -0.00017456418824773201
16 23 0.00013197138455950378
17 23 8.3657394052369242e-05
18 23 0.00036155653531580933
19 23 -0.00026969951818411051
20 23 -0.00012350392149472014
21 23 -0.44069484233771972
22 23 -1.6836121439692384e-05
23 23 -0.603848274905883
24 23 0.27601377809319977
25 23 -0.040191837943852206
26 23 -0.050541206097902767
27 23 0.0063601444483243879
28 23 0.094025915750324957
29 23 0.0047140565847953704
30 23 0.33992757859220257
31 23 -0.044085081401187276
32 23 -0.10678052721214673
33 23 -0.022554808158262194
34 23 8.4583231458572333e-05
35 23 0.0039760080183047584
36 23 0.00026718110382756093
37 23 -8.1022730830693764e-06
38 23 0.00038057653916050952
39 23 0.00011379348672193711
40 23 0.0080897418560266533
41 23 0.01305364388114872
42 23 0.034145098965321738
43 23 0.0030441330188515337
44 23 0.00079131215343790536
45 23 0.011632693435652677
46 23 0.00019748268364392063
47 23 0.0084021664552746071
48 23 -0.013726115137158039
11 24 0.032449210787196377
12 24 0.0065040145757949861
13 24 -0.0024259400986123025
14 24 0.00049666105749788733
15 24 2.1648121056629534e-05
16 24 -8.6027386734419467e-05
17 24 -0.00015601543740295163
18 24 -1.1084719618573324e-05
19 24 0.00052380775394462282
20 24 7.5640584745265542e-05
21 24 -0.60880974605361271
22 24 2.7575945460163333e-06
23 24 0.2625456785127333
24 24 -0.41617901854054329
25 24 0.056739068425944644
26 24 0.07693176139085886
27 24 -0.01348632750499041
28 24 -0.13485196613561973
29 24 -0.003943009493157703
30 24 -0.14781777722672593
31 24 0.019398339572627626
32 24 0.046417267863308867
33 24 0.053044506096839125
34 24 -0.00015601749573711062
35 24 -0.0079550529143595106
36 24 -0.00052755545267077735
37 24 2.0380109886894697e-05
38 24 -0.0015564558646535579
39 24 0.00049925292575730973
40 24 -0.0036697148651923068
41 24 -0.021242223200523887
42 24 -0.014802665629103087
43 24 -0.0013239740886895222
44 24 -0.0014645839952257328
45 24 -0.006461426416829584
46 24 -9.4216108890012601e-05
47 24 -0.012081703940435897
48 24 0.0065716269357028239
11 25 -0.5268300756220371
12 25 -0.10559611182176784
13 25 0.039386418794220425
14 25 -0.0080635545867690436
15 25 -0.00035146867910387585
16 25 0.0013967000601673573
17 25 0.002532993027911597
18 25 0.00017996627755292844
19 25 -0.0085042955414786504
20 25 -0.0012280648439427387
21 25 0.018272497683984146
22 25 -4.477100391563091e-05
23 25 -0.0078799088445300636
24 25 -0.28604713900300704
25 25 -0.47531512356144567
26 25 0.1493668915528375
27 25 0.24040544746916562
28 25 -0.074255505664338181
29 25 0.11078010963281959
30 25 0.0044365255476530741
31 25 -0.00056220895031552584
32 25 -0.0013945767845713164
33 25 0.034435067969224187
34 25 0.0025330264460538049
35 25 -0.0034575949275485445
36 25 0.0085651414096958086
37 25 -0.0003308818480458898
38 25 0.014216733256662145
39 25 -0.00035345667806879061
40 25 -3.1660942656207688e-05
41 25 -0.086539600756511972
42 25 0.00061434190129225016
43 25 0.00042291460299586714
44 25 -0.0051612241619233175
45 25 -0.0015852482779827952
46 25 0.00019019750392866946
47 25 -0.036481102200415394
48 25 0.00053878616995556565
24 26 -0.29638776617852575
25 26 -0.13406155906318082
26 26 -0.71247977895900938
27 26 -0.0064487447453536878
28 26 0.37112386045441703
29 26 -0.061442505123532484
33 26 -0.17075117672523005
35 26 0.017609105594359142
38 26 0.011800033621312416
39 26 -0.009211848507512008
41 26 0.23528589317622961
44 26 0.017045606367674285
45 26 0.0085265267386671322
47 26 0.14528547062058697
48 26 -0.0037333696882205971
11 27 -0.44223355744615517
12 27 -0.39847013958923344
13 27 0.14862584922959027
14 27 -0.030428068480386147
15 27 -0.0013262777502655615
16 27 0.0052704901566692965
17 27 0.0095583262299855365
18 27 0.00067910822189086895
19 27 -0.032091217877801982
20 27 -0.0046341400393268856
21 27 0.015338364357186532
22 27 -0.00016894474495351649
23 27 -0.0066145808333995309
24 27 -0.029712141342472805
25 27 0.28311934340047717
26 27 -0.046863748118555711
27 27 -0.47239129698232879
28 27 0.026840586948564948
29 27 0.072743793276537405
30 27 0.0037241238995758316
31 27 -0.00041313271822595807
32 27 -0.0011748533728336865
33 27 -0.012120223956505992
34 27 0.0095584523343615474
35 27 0.0013136386247403079
36 27 0.03232082161210275
37 27 -0.0012485927171345911
38 27 0.28826568665426622
39 27 -0.11329522280328148
40 27 -0.00044340928703883283
41 27 0.0076031118932231578
42 27 0.0010155985240173774
43 27 0.0014813705494997561
44 27 0.029782661316638252
45 27 0.00080624855567634963
46 27 0.00071043732618122316
47 27 0.0082305073087351327
48 27 -0.00060978641256470209
21 28 0.082082743454179
23 28 -0.20729226905874346
24 28 -0.053552753064804372
25 28 0.0094733201811715417
26 28 -0.37058732231032498
27 28 0.00045569381831962676
28 28 -0.56448930508381179
29 28 -0.063956961411403182
30 28 0.1167091479933149
31 28 -0.015316883950784399
32 28 -0.036648565313477842
33 28 0.26682286206150285
35 28 -0.048066863141963734
38 28 0.011384812195475567
39 28 -0.0092676230161543253
40 28 0.0029043227024416586
41 28 0.13554807129877025
42 28 0.011679121195985199
43 28 0.0010266715971729624
44 28 0.010823361891377704
45 28 -0.00078889860622402379
46 28 6.525926283294106e-05
47 28 0.10549633869500305
48 28 -0.0026073397508143605
25 29 -0.46097844002741728
26 29 0.28206331409927665
27 29 -0.50538559143892148
28 29 -0.14669576607469498
29 29 -0.37439097479401057
33 29 0.067493571141432451
35 29 -0.0069542542741100975
38 29 0.1302983962796696
39 29 -0.077016284520234748
41 29 0.075704455373565016
44 29 0.024244897549519952
45 29 -0.0033729306844315892
47 29 -0.030713516234811229
48 29 0.0014768495500777018
9 30 0.046387428997178223
10 30 -0.012515433362380186
11 30 0.0020621829141397267
12 30 0.00041333725554928985
13 30 -0.00015417115241701609
14 30 3.1563354609993695e-05
15 30 0.0070929141274398014
16 30 -0.0038213155844958289
17 30 -0.00017748770302063063
18 30 -0.015437448358495066
19 30 0.0001112817363491319
20 30 0.0036838003526640279
21 30 0.0009785928662719239
22 30 0.00066927296938531177
23 30 -0.51864434559398687
24 30 -0.00052094884424277966
25 30 -0.00098069894926227979
26 30 0.00029361243998105924
27 30 -0.0010776960668570841
28 30 0.089766619969400538
29 30 0.00085674004105451519
30 30 -0.50584763926757659
31 30 0.043558321772842759
32 30 0.16048001914339144
33 30 -0.16424507716049042
34 30 -0.00021760071756016765
35 30 0.020444892446407837
36 30 8.0857457911561278e-05
37 30 -9.938479523057419e-05
38 30 -0.00025886931922501053
39 30 0.00011791702903343549
40 30 0.0032412704499064186
41 30 -0.00043866383446956723
42 30 -0.055959289906202608
43 30 -0.0062623555554241414
44 30 -9.1379549040452751e-06
45 30 -0.010881280021155564
46 30 -0.00034842427217765878
47 30 -0.010062921344690241
48 30 0.018912256471539875
9 31 -0.5049452139857511
10 31 0.13623536190539678
11 31 -0.02244766341590922
12 31 -0.0044993368562054907
13 31 0.0016782129820640758
14 31 -0.00034357939623299482
15 31 -0.077209130130503997
16 31 0.041596507011365261
17 31 0.001932022707855689
18 31 0.27649855183007732
19 31 -0.0012113449998907356
20 31 -0.057380041137654068
21 31 -0.010652364119914142
22 31 -0.010335566095594299
23 31 0.013344437397375222
24 31 0.0056707308708098848
25 31 0.010675289652741187
26 31 -0.0031960856538122244
27 31 0.011731141019345035
28 31 -0.0015381764890934674
29 31 -0.0093259487044808891
30 31 -0.17614731063043684
31 31 -0.51630288941398295
32 31 0.093961578527624115
33 31 -0.044894729913481812
34 31 0.003239090699618113
35 31 0.0049418998533928143
36 31 -0.0013595554690922704
37 31 0.001537465266988586
38 31 0.0027738740973044882
39 31 -0.001010880238510485
40 31 0.1488315767451851
41 31 0.0047226146031382451
42 31 -0.06719107506097699
43 31 0.014975577285613276
44 31 -0.00019369426897448868
45 31 -0.013827327680433923
46 31 0.00018406846366185198
47 31 -0.001131490486398726
48 31 0.023041858292959939
30 32 -0.38884941443487209
31 32 -0.026792054843765407
32 32 -0.67231899222119396
33 32 0.25118126287366727
35 32 -0.028099467294554301
40 32 -0.06165170480203646
42 32 0.24613059134092555
43 32 0.021636498421814469
45 32 0.064029346104074958
46 32 0.0013753004769799138
47 32 0.013668769864153173
48 32 -0.090263187177740928
23 33 0.061073849964746678
28 33 -0.44917311399720022
30 33 0.016345523563608175
31 33 -0.0021451830627102104
32 33 -0.34940263184519749
33 33 -0.44809268926668488
35 33 0.039786091894146849
40 33 -0.03736577847587453
42 33 0.1293905601597852
43 33 0.011374281577283093
45 33 0.064647425899675093
46 33 0.00072299383077483338
47 33 -0.019353638565259824
48 33 -0.061019137543962869
12 34 0.014872761199260202
13 34 0.10634816026578228
14 34 -0.021772586128887515
15 34 -0.00094900853030148208
16 34 0.0037712614243492018
17 34 0.0068393917683112742
18 34 0.000485931016669217
19 34 -0.30936679104585857
20 34 -0.003315925662669284
22 34 -0.27561896174245049
27 34 -0.004464045442105667
29 34 0.0017885962713118321
31 34 5.4109718030247808e-05
32 34 -3.8768602515985482e-06
33 34 1.5589186425999933e-06
34 34 -0.64727562563498164
35 34 -1.7439510778573202e-07
36 34 0.35508831595496643
37 34 0.0093448048692298322
38 34 0.023919371590263819
39 34 -0.18443036692382042
40 34 -0.00038359149472511013
41 34 0.034759896741718505
42 34 0.00046003985125396687
43 34 0.12285603496597727
44 34 0.044368301828113126
45 34 7.5402860418299957e-05
46 34 0.0029609735160568799
47 34 0.0055195676647097633
48 34 -0.00014932450851056557
8 35 0.082223174927083836
26 35 0.010141043931881401
28 35 0.017404043989392822
29 35 0.0016454372959314979
33 35 -0.12359813457402739
35 35 -0.78201418410999535
38 35 -0.00029436887962103854
39 35 0.00023895586882365376
41 35 -0.0036661482181396779
44 35 -0.000289772714995593
45 35 0.34092268052570812
47 35 0.37634762888550355
48 35 -0.14927419340979589
12 36 -0.085928472293773511
13 36 0.032050562636459293
14 36 -0.0065616897719493533
15 36 -0.00028600642706885001
16 36 0.0011365598633534359
17 36 0.0020612143521590823
18 36 0.00014644693850680715
19 36 -0.0069203412058148244
20 36 -0.00099933353697534161
22 36 -3.643225023305893e-05
27 36 0.025791351044431692
29 36 -0.010333746577724266
31 36 1.6307258185147999e-05
32 36 -1.1683845965564686e-06
33 36 4.6981743243066973e-07
34 36 -0.64465569748720064
35 36 -5.2558138397595721e-08
36 36 -0.43684667523245163
37 36 0.0073276364349736459
38 36 0.010071165255517836
39 36 0.21288441926881879
40 36 -0.00011560447494131134
41 36 -0.03694229848781222
42 36 0.00013864401632368218
43 36 0.00031238688805993462
44 36 -0.059793076587445648
45 36 2.2724456114380943e-05
46 36 -0.0035977658776360517
47 36 -0.0058659982533197947
48 36 -4.5002513454069274e-05
4 37 0.10261165892591648
5 37 -0.031488580544874752
6 37 -0.0050939679908700323
7 37 -0.00089612902799131755
8 37 0.00020827510727376494
22 37 -0.14061808535223927
34 37 0.059225873310597289
35 37 9.1579891820703564e-06
36 37 -0.070866936833927197
37 37 -0.77059550546629429
38 37 -0.0065072276722883387
39 37 0.0057541271827142512
41 37 0.00051884654750412439
43 37 0.062178379342070371
44 37 0.38154493966225156
45 37 -7.8233522581425054e-06
46 37 0.37559151522351625
47 37 0.0016897202090702568
48 37 3.4254822715054443e-06
12 38 -0.58699017866448178
13 38 0.21894216184774001
14 38 -0.044823879079443948
15 38 -0.0019537524553022846
16 38 0.0077640095237798716
17 38 0.014080461906772727
18 38 0.0010004008252943895
19 38 -0.047273880384287585
20 38 -0.0068265960717780617
22 38 -0.00024887412172696082
27 38 0.057462851481164007
29 38 -0.16358634017914533
31 38 0.00011139730685426687
32 38 -7.9814090111690027e-06
33 38 3.2093927803037433e-06
34 38 0.014080647672336695
35 38 -3.5903246298622703e-07
36 38 0.14620294076004767
37 38 -0.0062765648373559208
38 38 -0.41225059295378341
39 38 0.061257415127435016
40 38 -0.00078971136794120649
41 38 0.051142419871671153
42 38 0.00094709790294382565
43 38 0.0021339613092135655
44 38 -0.0092793710453912548
45 38 0.00015523414065863949
46 38 0.0032341172504906429
47 38 0.008121018923324036
48 38 -0.00030741886487220847
29 39 0.066201892473761223
36 39 -0.55322137674544214
37 39 0.078938269447074466
38 39 -0.43356894545016772
39 39 -0.36146461504656069
41 39 0.044012450451444543
44 39 0.056070333623237767
46 39 -0.038971147828002539
47 39 0.0069886848757419566
18 40 -0.34011757590993275
20 40 0.10940476964234948
22 40 0.019311661283832098
31 40 -0.51502181774734612
32 40 0.14349846670017491
33 40 -0.057701959938116824
34 40 -0.0055107588343869338
35 40 0.0064550767742906183
36 40 0.0030350855033382364
37 40 -0.0028846104405238137
38 40 0.00027869120999778475
39 40 -0.0017264525080892608
40 40 -0.43232199972503976
41 40 0.00033182683056753772
42 40 0.059397770439437531
43 40 -0.034419242102740916
44 40 0.0018560632071214886
45 40 0.0048368555913542305
46 40 -0.00074726351745487687
47 40 -0.0030873320871360565
48 40 -0.017135014295777129
6 41 -0.4137977626399299
7 41 -0.072795154481559321
8 41 0.016918789744643732
26 41 -0.28197042730787092
28 41 0.14664745742077803
29 41 -0.35116449163951385
33 41 -0.067471344708747064
35 41 0.0076958941216942901
38 41 0.062823359007488283
39 41 -0.23829506595469382
41 41 -0.40408884557907049
44 41 0.13545001303418266
45 41 0.0027363063924562715
47 41 0.10912400100021094
48 41 -0.0011981013672253383
2 42 -0.14624478543888916
3 42 -0.02545582316773768
4 42 0.0053500586653922669
5 42 -0.0016417798422559212
6 42 -0.00026559386989797316
7 42 -4.6723178649474086e-05
8 42 1.0859234263623008e-05
20 42 -0.11656320458498101
22 42 -0.02057523755556474
32 42 -0.39248712660775376
33 42 0.15782242818709916
34 42 0.0058713318581175263
35 42 -0.017655004089696752
36 42 -0.003233673391160641
37 42 0.0033778323537173968
38 42 -0.00029692618185846468
39 42 0.0018519723916561341
40 42 -0.37892346313513298
41 42 -0.00027123673667535137
42 42 -0.52822109110824766
43 42 0.044156402951179161
44 42 -0.0016264609983281137
45 42 -0.073074964096701264
46 42 0.048925196357757078
47 42 0.0086291085132920043
48 42 0.22210549963393406
2 43 -0.25056290291055267
3 43 -0.043613759832492126
4 43 0.0091663181420072234
5 43 -0.0028128806232723446
6 43 -0.00045504508647723369
7 43 -8.0051368946160403e-05
8 43 1.8605253187752816e-05
20 43 -0.22755105854810756
22 43 -0.45482892273462427
34 43 0.12978958502099186
35 43 8.1808483814226205e-07
36 43 -0.07148244004499632
37 43 0.068460114765456548
38 43 -0.0065637451359517865
39 43 0.040682983666962026
40 43 -0.01358119485446097
41 43 -0.0076741885483502369
42 43 0.12736912443566989
43 43 -0.44015050668237798
44 43 -0.043112614769898965
45 43 0.020839230198787695
46 43 0.019739120090988646
47 43 -0.0010749919446025563
48 43 0.055582553491242116
4 44 -0.0044781002486851598
5 44 -0.4493861116519301
6 44 -0.35092851996005642
7 44 -0.061735219783453213
8 44 0.014348279233615846
35 44 0.00063090298078713513
37 44 -0.54753476665516931
39 44 -0.24091464782083399
41 44 0.21353689223384026
44 44 -0.2536279723038567
45 44 -0.00053895851603245014
46 44 0.27069191948677346
47 44 0.1446380511985319
48 44 0.00023598487973292175
1 45 -0.11434313266629183
2 45 -0.027183000258173943
3 45 -0.0047315577486336628
4 45 0.00099443303667996015
5 45 -0.00030516303020292133
6 45 -4.9366807933284349e-05
7 45 -8.6845912042592748e-06
8 45 -0.0058757152983957769
32 45 -0.057663751452205786
33 45 -0.096604588791906865
35 45 -0.51372693507796707
37 45 5.6594649041608755e-05
39 45 2.3339774955361856e-06
40 45 -0.0063267409554066878
41 45 1.5297700992169855e-05
42 45 0.18087671663176799
43 45 0.024888360295336854
44 45 6.5250039126423795e-05
45 45 -0.53138039368436862
46 45 0.010439469580815867
47 45 0.25004645306695183
48 45 0.23454830251787731
2 46 -0.19879295778067801
3 46 -0.31236502544736511
4 46 -0.055965663737174057
5 46 0.017174260008872004
6 46 0.0027783129387937058
7 46 0.00048875981901717208
8 46 -0.00011359581104641303
22 46 0.00069823660772151328
34 46 -0.00019924818988592755
35 46 -4.9948801962403295e-06
36 46 0.00010973720876980439
37 46 -0.39707026098543957
38 46 1.0076419745077635e-05
39 46 -0.016433397746611688
41 46 0.0022723391371303392
42 46 0.027993090195353381
43 46 0.12344203744573695
44 46 0.19153777395190566
45 46 0.0045844508586649051
46 46 -0.47818566442946736
47 46 -0.00051583729111177336
48 46 0.067801587706351543
6 47 -0.30199524358742824
7 47 -0.33096969623503669
8 47 0.033332201405768792
26 47 -0.12415450353963632
28 47 0.064570396425109158
29 47 -0.020144716062193063
33 47 -0.029708332839882629
35 47 -0.50862154492360201
38 47 0.0036038915078527461
39 47 -0.0029254825697396609
41 47 0.26718008146278471
44 47 0.09068202664097845
45 47 0.21737544425983293
47 47 -0.35704962010707586
48 47 -0.095178601960263939
1 48 -0.51826545035985983
2 48 -0.56449680039926964
3 48 -0.098258072495324311
4 48 0.020650931173366981
5 48 -0.0063371795796490493
6 48 -0.0010251776794169198
7 48 -0.00018034889088837199
8 48 0.17245835997556053
35 48 0.0075831039805337383
37 48 0.0011752749144789895
39 48 4.846863171543758e-05
41 48 0.00031768028479298995
42 48 -0.19826583429324229
43 48 0.16922298772450489
44 48 0.0013550173992187471
45 48 -0.5017308769066684
46 48 0.19469541933683848
47 48 -0.007123951959767851
48 48 -0.14371257945875726


