# Created by Octave 5.2.0, Sun Feb 07 20:13:29 2021 -03 <kuroneko@kuroneko-VirtualBox>
# name: erSeidel
# type: matrix
# rows: 1
# columns: 10
 0.64927274269722557 0.17914477525769013 0.091714832314166703 0.054119749526577846 0.032639510633206664 0.020700001559339428 0.013936852682438432 0.0099810333781286016 0.0079504905098899143 0.0067253174081906729


# name: kSeidel
# type: scalar
10


# name: tol
# type: scalar
0.0001


# name: kmax
# type: scalar
10


# name: reSeidel
# type: scalar
0.99999184251949058


# name: xSeidel
# type: matrix
# rows: 1138
# columns: 1
 0.99687302210170559
 0.37337196961954688
 0.029688289624960066
 0.00012923622987789514
 0.87761248531579006
 0.00065800513141602826
 0.00025685613961505299
 0.0014625916311880051
 0.658769628109378
 0.35132156308549489
 0.028585373400093334
 0.028585373400093331
 0.083619274415533629
 0.00057700220952293022
 6.1363021949411528e-06
 6.1363021949411528e-06
 6.1363021949411528e-06
 6.1363021949411528e-06
 6.1363021949411528e-06
 8.6408545817258454e-07
 6.3080042508572409e-07
 6.3080042508572409e-07
 6.3080042508572409e-07
 6.3080042508572409e-07
 6.3080042508572409e-07
 0.0013057819366422924
 4.8247545139150212e-05
 4.8247545139150212e-05
 4.8247545139150212e-05
 4.8247545139150212e-05
 0.0001783243570149421
 0.00019392349058701427
 0.00020225753017410385
 0.044215895008515221
 0.00043865734748450402
 8.3779088883531949e-06
 0.00048114311857452689
 0.007077647920559412
 0.0068337069921603159
 -1.1500698093995872e-07
 -6.5418026485249176e-07
 -6.5418026485249176e-07
 1.5684927616280779e-06
 -7.6531650306544806e-07
 -6.4203434927213404e-07
 -8.8693742836886989e-07
 -8.8693742836886989e-07
 -9.0960474297748872e-07
 -1.6297645375923738e-06
 -6.7487618503148294e-07
 -6.7487618503148294e-07
 -4.2896587457200571e-07
 -2.7902892155273654e-06
 -1.408795563429248e-06
 -2.7902892155273654e-06
 -4.9177087705555765e-07
 3.4086284876638795e-07
 5.5511258533921034e-07
 4.350758751158746e-07
 -7.3440173571437298e-08
 6.3520600666825002e-08
 2.8992711549178298e-06
 -5.4581943508083184e-07
 -1.3607635683514709e-08
 -9.0259003731424278e-07
 3.7345218836650729e-07
 4.6903577190381309e-07
 -3.182098001941036e-08
 3.3850649648305386e-07
 6.7171506667743332e-07
 3.0803626633136369e-07
 1.0719524699283753e-06
 1.0719524699283753e-06
 7.650825197577904e-07
 -1.0973378957581572e-06
 3.8605458958924325e-07
 -1.3102186117163019e-06
 2.593883568275893e-06
 6.7579710839578297e-06
 6.8147697784637105e-06
 5.4094336408458317e-07
 2.4374702451100549e-06
 2.4374702451100549e-06
 2.4634692566573408e-06
 1.1111578830748437e-06
 5.3166523411323064e-07
 4.3340284851049666e-07
 4.3340284851049666e-07
 -1.2460287042592761e-06
 3.5452129745311553e-07
 8.9195779297478149e-07
 1.0257612208412345e-06
 1.3404092109002074e-06
 2.5612785701369876e-06
 2.7435019994196496e-06
 3.4406278792327028e-07
 2.0597374541132141e-06
 0.0058559365004345878
 0.0020611368965399376
 0.0002709374332535581
 0.00011821422939580331
 1.912567985944331e-05
 9.2010083026016317e-06
 0.10112575647847911
 -1.6296825588740652e-06
 -1.6296825588740652e-06
 2.356313112354357e-06
 2.6211958724376779e-06
 -1.6747487703873311e-06
 2.8217641720028268e-06
 1.6729394430223148e-06
 -8.2531395023184195e-08
 -3.0162093181117873e-06
 7.2070390152126336e-06
 -1.0282660119455584e-06
 9.737938239780675e-07
 9.737938239780675e-07
 7.2393695124241295e-07
 1.0245076000767477e-06
 2.7673064179635712e-06
 5.3543281265088553e-06
 3.9940810894379337e-06
 3.8090379829015965e-06
 3.4791577107588515e-06
 7.1448290991676807e-06
 2.3507842927156376e-06
 1.3360782041321155e-06
 1.3360782041321155e-06
 4.3521701930579839e-06
 3.2275746480360242e-07
 -7.4671586914882491e-07
 -1.0246339207688716e-06
 -5.9613828716693566e-07
 -5.9613828716693566e-07
 -4.552178210970935e-06
 -1.6909311760549614e-06
 3.1918258085597986e-07
 -5.4352869693611252e-07
 7.0835935942712627e-08
 1.0175718049010158e-06
 -7.5709029922654773e-07
 1.2728216455387402e-06
 -8.8274550815861925e-07
 8.1234310585850338e-07
 -2.139167668343082e-06
 1.6907881589937028e-06
 2.0623029337483414e-06
 2.0623029337483414e-06
 -4.4509258169220952e-08
 8.2294269367537405e-07
 7.499484429437662e-07
 1.225899914565075e-06
 4.2872147458507085e-07
 -6.6990417916356011e-07
 1.7637506284987601e-06
 3.869554147023838e-06
 -1.3227821800920538e-07
 5.3717807964891439e-07
 3.1666387063491656e-07
 5.4678106550688077e-08
 -8.1287437660418245e-07
 2.5560212996567948e-07
 -2.4337561813936569e-08
 -4.4509258169220952e-08
 2.3790242977305934e-07
 -8.3331753037249464e-08
 4.9392543635841277e-07
 1.600755363904106e-06
 6.9994651502306738e-07
 8.5823363774498532e-07
 -1.5563620549063141e-06
 4.757264746405754e-07
 9.3461593366667793e-07
 1.4980856304566256e-07
 7.4442914224143326e-07
 -7.447268853898548e-07
 -1.078105679033788e-06
 -1.5604627979548401e-06
 7.407537058330739e-07
 1.3307861062079646e-06
 4.2872147458507085e-07
 3.8207472789026808e-07
 4.8051278078771976e-07
 1.1823834232593113e-06
 1.0633148516313036e-06
 1.1962763638873925e-07
 1.0767631871838631e-06
 9.8186054173309789e-07
 1.7965534501123251e-07
 9.9984595804910533e-08
 1.5709205267623341e-06
 1.426003745598604e-09
 7.3057780836713247e-07
 1.198362091851585e-07
 1.4818561150712424e-06
 6.7171506667743332e-07
 1.3076005421992453e-06
 1.891281800081866e-06
 1.0169498756225051e-07
 -2.6100102830538861e-07
 -3.7526369377662751e-07
 1.0727629663838714e-07
 7.4138774725481899e-07
 -1.0973378957581572e-06
 3.1334965107500121e-07
 3.0450649930902798e-07
 -7.3502132253606948e-07
 -4.3756309663225029e-07
 1.5988183213140317e-06
 -2.058922463880773e-06
 1.1483002108197157e-06
 1.2294788476926253e-06
 7.1418429661855038e-06
 -1.8663726064391114e-06
 -2.058922463880773e-06
 -1.590855420685066e-07
 -2.1204314052230868e-06
 -5.3676582211292261e-07
 -1.3967668830815577e-07
 7.9093587350863153e-08
 1.8331941852138266e-08
 -4.0136229696204282e-07
 4.9407536605608445e-07
 -4.1310923407031956e-07
 -4.8491590025062972e-07
 5.5736623830851606e-07
 1.3257633492983905e-07
 2.993278748845216e-07
 2.993278748845216e-07
 -1.3967668830815577e-07
 7.7724813129778264e-07
 6.0167830804877086e-07
 -3.162234926793511e-07
 -1.0246212355952877e-06
 -2.2116743495751163e-06
 -2.1083935173912815e-06
 1.7742807059282807e-06
 -2.4128346276911792e-06
 -2.2001698316412739e-06
 1.6392382611035141e-06
 -2.5975119186008335e-07
 -2.1611053342523055e-07
 -2.2116743495751163e-06
 4.5299369662689808e-07
 -2.9044092720038023e-07
 2.4345923150183171e-07
 4.126573418153215e-07
 4.1637214665563306e-07
 -1.9956616555725593e-06
 -2.3968811679779926e-06
 -1.7697187162362402e-07
 2.0498727666947751e-06
 1.8986146450201655e-07
 3.3500638099489195e-07
 4.2471560358198654e-07
 -3.5570864430656932e-06
 -1.2203160450666207e-06
 1.3356349324262768e-06
 1.7977235422573513e-06
 5.3880332769117998e-07
 1.4290250056358134e-06
 3.2950493656835793e-06
 -1.2556620603191283e-06
 3.1133648662297318e-06
 4.579923292235023e-06
 -1.7650882880935689e-07
 -2.0417892429901497e-07
 9.1648852664176682e-07
 4.393690260863537e-07
 -2.3279963399589946e-06
 1.3404092109002074e-06
 2.0445220292024584e-07
 1.5991915220522592e-06
 1.589275418141429e-06
 -1.2674619149753807e-06
 4.5984596890097086e-06
 2.8288548495440114e-07
 1.7237323842820309e-06
 -6.3668708833668992e-07
 -2.3279963399589946e-06
 -2.2001698316412739e-06
 -2.1283436384940473e-06
 3.7725301714398571e-07
 3.3481361382270605e-07
 2.41512847597418e-07
 -2.1083935173912815e-06
 1.7742807059282809e-06
 8.4923964915728618e-07
 1.8136004395148251e-07
 -3.5570864430656936e-06
 -1.5633140371770256e-07
 -1.7556028390589598e-07
 6.6828483430423246e-08
 6.6828483430423246e-08
 -5.1989561154226536e-07
 -1.5866327746908028e-07
 -2.1109952830361503e-07
 -6.0508861246049393e-07
 -5.8672395056503099e-07
 3.4943495145475242e-06
 2.2670766342844968e-06
 4.3053026633549815e-07
 1.869274861074249e-06
 5.7275667689988983e-07
 7.4931208541909366e-07
 7.6965470024903691e-07
 -1.2146187378811402e-07
 7.0547617289453998e-07
 1.765514926026701e-06
 8.9304558062100287e-07
 3.4409543636496492e-06
 1.6915825965153435e-06
 2.0498727666947751e-06
 3.0691477160241149e-06
 1.076789867937714e-06
 1.0724962636842034e-06
 -3.7724564214682272e-06
 1.353251275150378e-06
 6.1427847211421025e-07
 -2.3279963399589946e-06
 -2.0092658663835704e-06
 8.6012701345206803e-07
 7.9860524126308581e-07
 2.0237957899097742e-06
 2.3705638016156499e-06
 3.0353897366722052e-06
 6.1507601411731985e-07
 2.8217641720028268e-06
 6.4509363434355589e-07
 3.0480540202224416e-06
 3.2373563489292173e-06
 3.3882841435363527e-06
 2.2911782003746375e-06
 2.2911782003746375e-06
 3.39423709553716e-06
 3.5833013755801956e-06
 3.7309359355798865e-06
 3.3387304697355098e-06
 3.3410888585056792e-06
 3.2413626543468162e-06
 2.7728325887440503e-06
 2.6707931899552076e-06
 2.4665310904686755e-06
 2.5630675145824514e-06
 2.0027282666713919e-06
 2.0237931846560434e-06
 1.8839536816173876e-06
 1.9736111379032269e-06
 2.1978941894580616e-06
 2.4230603216415255e-06
 1.2191333637917745e-06
 -1.2412782562282861e-08
 3.4271322548789334e-07
 6.0984324299563029e-07
 2.925952478581083e-06
 -5.5063799136209887e-08
 -3.2590731301376373e-07
 6.6634927953786627e-06
 1.9812599383688511e-07
 8.5294222319743507e-05
 -5.8210673196161487e-07
 7.235080430648907e-05
 2.0912362776639029e-06
 2.0912362776639029e-06
 2.0912362776639029e-06
 1.2736013682892991e-06
 -1.4323236615622768e-06
 -1.4475230812904166e-06
 -1.7422455317028361e-06
 2.2033292936502015e-06
 -1.8306723774653677e-06
 -1.9314985388879739e-06
 2.0912362776639029e-06
 2.0912362776639029e-06
 3.49209300093766e-06
 3.49209300093766e-06
 3.49209300093766e-06
 3.49209300093766e-06
 3.49209300093766e-06
 3.49209300093766e-06
 3.49209300093766e-06
 4.5981513549645314e-07
 6.3341384790672832e-07
 6.3341384790672832e-07
 6.3341384790672832e-07
 6.3341384790672832e-07
 6.3341384790672832e-07
 5.8440784998185046e-06
 3.8342182713548123e-06
 5.8440784998185037e-06
 5.8440784998185037e-06
 7.9661370568270822e-07
 3.4308093946077743e-06
 -3.4257516827131295e-07
 -3.1110053426432738e-07
 -1.9986623597074325e-07
 1.9215532708865556e-06
 -3.4523695613900918e-07
 -3.1110053426432738e-07
 -4.9933127774988077e-06
 4.8477444021930393e-05
 4.8477444021930393e-05
 7.235080430648907e-05
 1.4345673344909942e-06
 2.2769045402013314e-06
 -5.2667329160684814e-07
 4.7195815101302882e-08
 -1.2412782562282861e-08
 3.9018946653699692e-07
 9.6687436973309568e-06
 9.2785240063800233e-06
 0.00058449528259707886
 0.00072309724532446898
 4.1225338765077038e-05
 4.1225338765077038e-05
 3.77067738897912e-05
 3.77067738897912e-05
 1.3487962018327182e-05
 1.3487962018327182e-05
 5.3612668333760658e-06
 5.3612668333760658e-06
 5.3612668333760666e-06
 1.2404879009713342e-05
 2.3872287846148692e-05
 9.0751296684106782e-06
 2.2331993639837508e-06
 9.0751296684106782e-06
 2.0070361605102357e-05
 2.0070361605102357e-05
 2.0070361605102357e-05
 3.4124226089162326e-05
 3.4124226089162326e-05
 0.00012303076672638439
 0.00012303076672638439
 3.0167686908619182e-05
 0.00010763020366075979
 2.0783752538015191e-06
 2.0783752538015191e-06
 1.5527866028539031e-06
 1.5527866028539031e-06
 8.9827223260728705e-07
 8.9827223260728705e-07
 1.4698855534981808e-05
 1.6187084250520815e-06
 1.184673962777801e-06
 1.184673962777801e-06
 1.439045691767075e-05
 3.5860161849250497e-07
 -8.0817465165904722e-07
 -7.5849888306085571e-07
 -7.5849888306085571e-07
 4.3375795082100476e-06
 4.3375795082100476e-06
 6.3965009458546258e-06
 6.3965009458546258e-06
 0.0022458222054954798
 0.0022458222054954798
 1.8888886196694823e-06
 1.8888886196694823e-06
 1.4501483739167953e-06
 1.4501483739167956e-06
 3.6504459863830319e-05
 3.6504459863830319e-05
 4.2789587542708364e-06
 2.2860192551832889e-06
 1.6750242681102597e-05
 1.6750242681102597e-05
 -1.763192524713911e-06
 4.1648408429126653e-06
 9.0963016415483217e-06
 5.3286413438799603e-06
 5.3286413438799603e-06
 -5.4913856680723186e-06
 6.1443862169593404e-07
 0.0087720256061959538
 5.8244063768250354e-06
 7.855567948022188e-06
 9.6806658795404213e-06
 9.4681041715115351e-06
 -5.4142932302484578e-07
 7.7287644089951147e-06
 1.1568308340033578e-06
 -5.2939592356804147e-07
 1.016616115982976e-05
 1.4143119785441965e-05
 -4.6258757784608074e-07
 1.7560929859589404e-05
 1.7560929859589404e-05
 2.1797399676546949e-06
 2.1797399676546949e-06
 2.1864973881502388e-05
 2.4515208234401289e-06
 2.8190053542029095e-06
 7.3477036339399861e-05
 0.0036868160127732814
 0.000284681149764221
 0.00041318807826121212
 4.5737716509706851e-05
 3.3427302396949705e-06
 3.3427302396949705e-06
 0.00038712851014480469
 0.00014139298463983411
 0.0080379992821182564
 3.0904809659992244e-05
 0.00010916675890990676
 -5.5313957460036386e-07
 0.0014192223584142622
 0.00017466079709658572
 0.00016579268293038997
 4.4579442828357853e-05
 7.1028687031039696e-05
 3.8763349695190836e-05
 0.0046610047040579307
 0.0018163817255436644
 0.00014885895239636368
 8.0041816378426125e-05
 0.00010510588267199563
 0.00014885895239636368
 7.4112871091902773e-07
 5.531666761284883e-05
 0.00038797852101759471
 0.00054111892704500385
 6.5730204809852803e-05
 7.7866008480482663e-05
 0.00014473445605415664
 7.5910406689377226e-05
 1.8189001348489959e-05
 1.2019741115197825e-06
 1.2019741115197825e-06
 4.9785750623441466e-06
 0.00013619625022873662
 1.9387968596839439e-05
 7.7866008480482663e-05
 0.00014277342640066476
 8.9301667936065619e-05
 7.5423957539750154e-05
 4.2507013914761397e-05
 1.8717135151852946e-05
 7.5423957539750154e-05
 0.0040211138809291671
 4.1648408429126653e-06
 4.9476197237733699e-05
 4.7362391291971558e-06
 -1.9330668643718477e-06
 2.1500156937894443e-05
 2.7207090041427306e-05
 0.00057483400744926655
 0.022856695280017544
 0.38924118574003397
 0.045298622695370043
 0.026948544294089233
 0.018882230894263472
 0.035156369489299316
 3.5838079557972101e-06
 0.014821666222189731
 0.0032485424329452323
 0.0067520468365116571
 0.0032726533343708716
 0.0029278044886788483
 0.015264480922309091
 0.067058070590885824
 0.086040598416588024
 0.39439491507815638
 0.0030639402857489139
 0.19376841517890975
 0.050534156424264703
 0.19956524978635207
 0.00023334400869537896
 -1.6075956823999748e-06
 0.00060777215255656061
 9.3675061578672405e-06
 0.0002397671353573565
 1.7060556347176004e-07
 3.5838079557972101e-06
 -8.9127099040405063e-08
 2.6927190085093097e-05
 -3.3841876075361123e-06
 5.6815136584522193e-05
 0.0007843588596478622
 0.00018340084133598933
 1.1237742324340818e-07
 6.3358188604008956e-05
 9.0607663154053709e-06
 2.5431713330677937e-05
 4.2874040733687429e-05
 1.0043899546732987e-05
 8.2909821550519429e-05
 6.9338139733683342e-06
 7.0822068202964195e-06
 3.0936544709822536e-06
 1.3362431664401025e-05
 1.7074102734011051e-06
 3.1341784923917433e-06
 5.6361888331042181e-05
 5.2532345725303633e-06
 2.9650608029441763e-05
 1.6337202775246579e-05
 8.2909821550519429e-05
 -1.1766962555381249e-06
 8.8289942735690708e-05
 2.8725685230003426e-05
 2.1516998225631863e-05
 1.565991156696734e-05
 4.9725953947841861e-06
 3.849038287274343e-05
 6.6762382475585704e-07
 7.2520983244697294e-05
 6.2320993464696891e-07
 8.3341931612527858e-05
 7.1600801646758248e-07
 2.2227545045846296e-06
 4.9725953947841861e-06
 8.6922774328260479e-05
 8.2909821550519429e-05
 3.2472189881109815e-06
 3.0936544709822536e-06
 4.3685536251410376e-06
 5.9191558256822364e-05
 0.00017243524720462385
 0.00012925910317566352
 0.0019292656683239338
 2.4613073461220306e-06
 6.2693511186912574e-05
 0.0018078453865725034
 2.4761616350194631e-06
 1.2173013666261689e-05
 9.3582092486062794e-05
 8.8629209311519307e-06
 -3.3576210426645829e-07
 1.316074311584758e-06
 7.7707697166700234e-06
 3.8064311456102459e-05
 2.8725685230003426e-05
 2.6128088621278282e-05
 3.7405417930519366e-06
 2.7205341901867968e-06
 -3.3576210426645829e-07
 0.0018078453865725032
 0.00012980903857524748
 2.1516998225631863e-05
 2.0121788336538341e-05
 3.3244166785204329e-05
 -3.3576210426645829e-07
 1.5642514655548028e-06
 5.8190210375874266e-08
 -4.2525282152632382e-07
 1.7960268688100754e-05
 -1.2606975211320605e-07
 -3.7472056389735347e-07
 2.8553131021603467e-07
 2.4146959725339638e-06
 2.8523868135446341e-06
 8.5474521683109672e-07
 4.8094855332689899e-06
 -9.7774022926799943e-07
 1.118320214604338e-07
 -1.3589267056898594e-06
 4.05814432093538e-07
 9.1618211444425329e-06
 -8.9610399066126121e-07
 7.5279835402788337e-06
 9.9463214471310804e-07
 3.207059488524613e-06
 -4.6606560283586336e-07
 -5.8649070846876167e-07
 3.0602146382319776e-06
 -9.9857087341144008e-07
 7.3859875793753771e-06
 -3.203357757941234e-07
 8.265461490821073e-07
 4.2595722141246096e-07
 9.1543571667789817e-07
 1.170531326366725e-05
 -8.0246314997809911e-07
 -8.4716806522152569e-07
 1.2897668789758633e-06
 1.2050819250631308e-05
 6.0908829310586558e-07
 3.445870188907691e-07
 4.0476349677509094e-06
 3.4012212463415592e-06
 7.4546715363595325e-07
 -6.9602465665670915e-07
 -6.9602465665670915e-07
 -4.1293734425106709e-06
 -9.4370604109521173e-08
 -9.4370604109521173e-08
 1.4495835110092257e-07
 -8.2491047830730009e-07
 -3.2622123991562971e-06
 -4.5865015915681613e-06
 -4.5865015915681613e-06
 -3.1278948068541008e-06
 -3.0129296550261654e-06
 -3.6783328594130153e-06
 3.4943495145475242e-06
 -3.0089526631667836e-06
 -3.008952663166784e-06
 1.0055861427503226e-06
 6.5709516732649083e-07
 1.6729394430223146e-06
 1.0420585621294961e-06
 -2.139167668343082e-06
 8.2841022920324749e-07
 3.4406278792327028e-07
 2.8190053542029095e-06
 3.0924014960335338e-06
 9.9078885428198777e-06
 1.8258694470162316e-05
 0.0004663025540902763
 1.0742459260693511e-05
 9.2140126840089059e-05
 9.2140126840089046e-05
 0.00011770115611896325
 0.00011012785463576374
 1.8882347133645687e-06
 1.994198054947939e-06
 0.0015368565049925446
 0.0015368565049925446
 0.0015368565049925446
 0.0015368565049925446
 0.0015368565049925446
 0.0015368565049925446
 0.0017710027577120802
 0.00036049748646081156
 3.7355090716095969e-06
 3.0899663940308925e-06
 3.1631641529497027e-06
 2.9592064934857291e-06
 2.9857495062105003e-06
 4.4874656133445496e-06
 0.0002709374332535581
 9.0445990565837088e-06
 0.00031407696679097149
 -1.310822065901691e-06
 -1.3815625234168329e-06
 -1.310822065901691e-06
 -1.3815625234168327e-06
 -3.1668076675844323e-06
 -4.642184763084512e-06
 -2.3358561440803683e-06
 -1.541233552425937e-06
 -1.4492824496459573e-06
 -3.5636195179461172e-06
 -9.8659383379706814e-07
 -1.2047424566354309e-06
 -1.7896215403391304e-07
 -5.419042237319682e-07
 -3.6436334367131312e-07
 -1.7361630718374714e-06
 -1.7361630718374716e-06
 -9.0326861822801405e-07
 -3.6436334367131312e-07
 -3.8603728372800907e-07
 -1.9365306570289628e-07
 -2.3161692119016015e-06
 -1.0024164112103452e-06
 -1.7896215403391304e-07
 -1.9796938166404601e-06
 8.6056854851894533e-07
 8.3483683834930267e-07
 -7.5149580625962243e-07
 -7.5149580625962243e-07
 -1.9365306570289625e-07
 -3.8603728372800907e-07
 7.9090466837220969e-07
 8.3483683834930267e-07
 2.8327422929102142e-07
 2.8327422929102142e-07
 4.2611424334314691e-06
 -4.1903047912244134e-08
 -2.4255637981154466e-08
 0.00010730528863871393
 0.00010730528863871393
 1.6052293467403429e-05
 1.525734773967152e-05
 0.001170573772630686
 1.8047302639349608e-05
 2.7209416596144436e-05
 2.2175202721469819e-05
 0.00010686117903892379
 0.0001401964336255715
 0.00032493866520304194
 9.0365871081473493e-06
 -1.7301492371967424e-06
 -3.7090440713406028e-06
 1.7753222891527261e-05
 -1.8175418808465203e-06
 -3.0696256441372242e-07
 0.00064004666193990839
 0.00064004666193990839
 -1.7647128741163498e-07
 3.8003562629445404e-06
 0.0011706917178038348
 0.0004827870594609154
 5.9092172248954518e-07
 1.2469959433891425e-06
 4.394771910565802e-07
 3.1051045712191521e-07
 0.0023761303477249957
 0.00010730528863871393
 -4.0029665518534602e-06
 5.0100724427525035e-06
 5.0100724427525035e-06
 5.7947275139650021e-07
 2.0256838388771636e-06
 1.4297081034053071e-06
 1.7484809948861406e-06
 4.7584052471096511e-06
 4.6171971241564732e-07
 4.6171971241564727e-07
 1.321843755135001e-06
 -2.8392103798338274e-08
 -6.5214035817678545e-07
 -6.5214035817678545e-07
 7.5507573172354809e-06
 3.9809609657728026e-06
 3.9809609657728026e-06
 1.570056913612648e-06
 1.570056913612648e-06
 2.2197293282143376e-06
 5.7383032690812267e-06
 4.2611424334314691e-06
 2.5761083815874318e-06
 3.1882323222659861e-06
 -8.8274550815861925e-07
 8.1234310585850328e-07
 1.9768490406446131e-06
 1.2157605263247836e-06
 9.9246132351750263e-07
 1.1826420628661611e-06
 3.1720273802557435e-07
 9.4984089234893924e-07
 1.1499492718962596e-06
 3.297461037539608e-06
 9.2918272465979753e-07
 1.9768490406446131e-06
 2.2469943954731962e-06
 1.2157605263247836e-06
 9.9246132351750263e-07
 1.1826420628661611e-06
 3.1720273802557435e-07
 9.4984089234893924e-07
 1.1499492718962596e-06
 3.297461037539608e-06
 9.2918272465979753e-07
 9.7813752749590949e-07
 1.004343954630427e-06
 1.1641347098425566e-06
 3.2287980815821335e-07
 -1.5149471149016593e-07
 1.0761728403476451e-06
 1.5875876708163464e-06
 1.1641347098425566e-06
 3.2287980815821335e-07
 -1.5149471149016593e-07
 1.0761728403476451e-06
 -1.1009240272787645e-07
 2.2469943954731962e-06
 2.3492915158532179e-06
 2.3492915158532179e-06
 3.5561017638480696e-06
 1.8723859720486629e-06
 9.2653691871977263e-07
 9.2653691871977263e-07
 2.9199717177796956e-07
 4.1556849845695724e-07
 1.8967460972730356e-07
 3.7335843997917194e-07
 2.7412650112659023e-07
 2.0310838045896649e-08
 -3.7097515812581575e-07
 4.1749400153762856e-07
 1.1968061903444876e-06
 1.3220942321396091e-06
 1.6549761764649459e-06
 1.7373157550891534e-07
 4.436044139012295e-07
 -3.7097515812581575e-07
 5.7383032690812267e-06
 -3.7097515812581575e-07
 -3.4543402704438917e-07
 1.7373157550891534e-07
 9.9716310088841993e-06
 2.4468233358081201e-05
 3.2604257756321395e-05
 1.5703663425760886e-06
 2.4233897867830459e-06
 5.6990728524794041e-07
 1.1627039643204828e-06
 1.1627039643204826e-06
 7.7454605265205822e-06
 7.7454605265205822e-06
 2.4053685106133202e-06
 8.5297753335189972e-05
 1.6903211203248989e-06
 1.9031157584948642e-06
 6.370326989662363e-06
 5.4523938587134373e-06
 5.4523938587134373e-06
 -5.3050036448955454e-07
 1.7481593696887906e-07
 0.0021364679911796873
 -1.5223277875060132e-07
 -1.5223277875060132e-07
 2.0134871166423389e-07
 3.6823146224266969e-06
 6.915344989618468e-06
 1.8603377387151888e-06
 1.8603377387151888e-06
 4.7332100281004388e-06
 6.8813694762389341e-06
 1.6501011484673104e-06
 9.7120478450351368e-06
 6.0849328241054772e-06
 0.00083852120236362385
 8.1169038346727943e-07
 1.7233220747117748e-06
 1.3807586870190129e-06
 4.7584052471096519e-06
 3.9686882476588672e-06
 2.0608490631333891e-06
 3.8397311999605617e-06
 2.7643354610802078e-06
 2.7643354610802078e-06
 9.3246228892916707e-06
 2.6398457412448271e-05
 2.1632281682470897e-06
 2.1632281682470901e-06
 1.0617102775242637e-06
 1.0617102775242637e-06
 7.391495694063708e-06
 3.2045684017737559e-06
 3.2045684017737559e-06
 6.2841410126406854e-06
 5.3144970102125244e-06
 2.1359731324915326e-05
 9.7120478450351368e-06
 2.6274363781420866e-08
 4.5708484718002713e-07
 4.1974745376093343e-07
 3.2045684017737559e-06
 3.1088054777275574e-07
 3.6045763861901824e-07
 1.8292416314861619e-06
 -3.3671467340888685e-08
 6.2841410126406854e-06
 4.840931589422006e-06
 1.0768165915151317e-05
 9.5995976167074481e-07
 2.1838779882467979e-07
 1.5834512183478633e-06
 7.2459477195410647e-06
 4.8353690587389273e-07
 3.4695672252656971e-06
 9.5995976167074481e-07
 1.4137062814853075e-06
 3.6850036648724135e-06
 4.8353690587389273e-07
 1.164983398096793e-06
 2.3562426984458172e-06
 3.4401646834677625e-06
 5.8843889183713475e-06
 1.1779033370637476e-05
 1.7578592983787966e-07
 3.8966307155972698e-06
 9.0290187797138215e-07
 2.1566389743289621e-06
 2.8607290716954897e-07
 2.8607290716954897e-07
 4.1744477585971472e-06
 4.6837053153734988e-06
 1.2894442915981816e-06
 4.1037215060470626e-05
 2.1838779882467979e-07
 0.00020295100439428806
 0.00020295100439428806
 0.0010914327844909744
 0.00011124156123252224
 0.0069421892393052333
 8.8769386513429949e-05
 8.8769386513429949e-05
 6.247176022770718e-05
 8.8769386513429949e-05
 0.00028755659872432414
 0.0020239138819510977
 0.00066968322610766093
 9.7298752853239604e-05
 0.0014429562472452547
 0.0014429562472452544
 0.0011801187284969246
 0.0011801187284969246
 9.5660192170524572e-05
 9.5660192170524572e-05
 0.00019453364639313093
 0.00011983073232775045
 0.00018394489215633602
 0.00095284210858348809
 0.00066968322610766093
 0.0032726533343708716
 0.00016834957406399091
 4.6067785186425403e-07
 1.7213125682251873e-07
 6.6199583030393754e-07
 -1.0606241199974488e-06
 9.5907331159721915e-08
 9.5907331159721915e-08
 9.2101815823566777e-08
 7.4136453528610893e-06
 7.4136453528610901e-06
 3.2209079520549174e-06
 3.2209079520549174e-06
 -1.2030941045948445e-06
 -1.0606241199974488e-06
 -1.6364178225768358e-06
 5.1590345509435507e-07
 -1.6364178225768358e-06
 7.4136453528610901e-06
 2.1939651259629741e-06
 6.3644988496580323e-07
 7.0951345500132459e-07
 7.4136453528610893e-06
 1.2121233312389053e-08
 -1.3512645297129029e-07
 4.0092619491613076e-07
 3.2147140298647816e-07
 4.1072680980237752e-07
 5.3321231739602214e-07
 -1.7979651761968086e-06
 -7.2321392659300981e-07
 -7.2321392659300981e-07
 6.8167391431229734e-07
 2.1939651259629741e-06
 7.1163432795124743e-07
 1.8464493101146116e-07
 4.1113856188886106e-07
 -1.2030941045948445e-06
 -1.2030941045948445e-06
 -1.1783880513272412e-06
 3.6701766943579976e-06
 1.346755856761114e-05
 -1.2606975211320605e-07
 1.0795410567771187e-06
 4.9592192003401672e-07
 4.2051744639655636e-06
 -6.0040481605792986e-07
 6.1451108558649391e-06
 8.5474521683109672e-07
 1.4496475651484295e-06
 -1.4194315832137543e-06
 -1.0788500453051497e-06
 -1.3606193279836266e-06
 3.7186110181417025e-06
 3.0005846765704632e-06
 -1.081569414875741e-06
 -5.6645296160348688e-07
 4.7907862903526139e-06
 -5.3191553564897469e-07
 3.4189744317588528e-05
 5.8190210375874266e-08
 0.00018473880442267573
 1.8528519865120045e-06
 4.2670028231472606e-06
 2.4000475074939875e-06
 4.4284347925345765e-07
 1.4517986396761416e-05
 1.0374982440951042e-06
 2.1762239650253495e-05
 1.4138514198922027e-05
 -1.2321665513502529e-07
 1.0649330012649129e-06
 2.5801660633470066e-06
 7.9895498876701095e-06
 8.2251520693418143e-06
 4.057944103210465e-06
 4.32794871627112e-07
 4.6065970204483756e-07
 8.1980162052736136e-07
 -1.4246437843720978e-08
 2.3255541591184468e-07
 8.2251520693418143e-06
 4.057944103210465e-06
 2.704353920212241e-07
 8.1980162052736136e-07
 1.302083991973203e-06
 1.1546454226037633e-05
 3.0833620926006472e-07
 8.7702145332811412e-07
 3.0970929183033537e-06
 -3.3378498729315132e-06
 -2.9117079485803379e-06
 1.731680128453713e-05
 -2.9337061978887615e-06
 1.2793222948765024e-06
 -7.8659910716852033e-07
 6.7046336665284383e-07
 -1.2635095524717902e-07
 -2.9320260395390663e-06
 -2.9320260395390668e-06
 -1.4659680472342506e-07
 1.1645464872566049e-08
 1.982352434556268e-06
 6.7046336665284383e-07
 2.5122797339708445e-07
 -1.2066553328304351e-06
 3.1570862948882376e-06
 6.7046336665284383e-07
 -2.9117079485803379e-06
 3.1570862948882376e-06
 -3.1904820079950447e-07
 4.6531941635245606e-07
 2.1391929491711196e-06
 -7.193791403364115e-07
 -1.7615233750153928e-07
 -1.7615233750153928e-07
 -1.7615233750153928e-07
 -7.8731904338519578e-09
 2.5122797339708445e-07
 9.6457418076407495e-07
 2.9144461825629252e-09
 5.7143773436987104e-07
 -9.4448455839525025e-09
 7.7986053745110967e-06
 1.3726037885273972e-05
 8.5297753335189972e-05
 2.4053685106133202e-06
 1.525734773967152e-05
 -3.7090440713406028e-06
 -8.0381136221819882e-07
 1.7233220747117748e-06
 2.0053916595210589e-07
 -1.8175418808465203e-06
 2.0608490631333891e-06
 5.3144970102125244e-06
 4.6948927789052881e-06
 3.1802652929330872e-07
 -4.0029665518534602e-06
 5.7947275139650021e-07


