# Created by Octave 5.2.0, Sun Feb 07 18:24:08 2021 -03 <kuroneko@kuroneko-VirtualBox>
# name: x
# type: matrix
# rows: 494
# columns: 1
 0.99999999999999967
 0.99999999999986866
 0.99999999999991473
 0.99999999999986855
 0.99999999999994305
 0.99999999999991696
 0.99999999999985889
 0.99999999999986855
 0.99999999999980616
 0.99999999999986644
 0.9999999999997965
 0.99999999999994882
 0.99999999999994871
 0.99999999999994893
 0.99999999999994871
 0.99999999999994882
 0.99999999999992861
 0.99999999999985867
 0.99999999999994882
 0.99999999999992861
 0.99999999999992861
 1.0000000000001348
 1.000000000000135
 0.99999999999993927
 0.99999999999993927
 0.99999999999987532
 0.99999999999991651
 0.9999999999999164
 0.9999999999998056
 0.99999999999991329
 0.9999999999999134
 0.99999999999986056
 0.99999999999979217
 0.99999999999979217
 0.99999999999979816
 0.99999999999990807
 0.99999999999981382
 0.99999999999989853
 0.99999999999989975
 0.99999999999989064
 0.99999999999999833
 1.0000000000000018
 1.000000000000002
 0.99999999999991107
 1.0000000000000593
 1.0000000000000049
 1.0000000000000089
 0.99999999999986289
 0.99999999999990707
 0.99999999999990719
 0.99999999999999356
 0.99999999999991562
 0.99999999999986211
 0.99999999999981648
 0.99999999999980893
 0.99999999999987643
 0.99999999999993627
 0.9999999999998741
 0.9999999999998741
 0.9999999999998741
 0.99999999999980915
 0.99999999999986755
 0.9999999999998217
 0.9999999999998217
 0.99999999999979705
 0.99999999999979694
 0.99999999999987088
 0.99999999999985811
 0.99999999999987088
 0.99999999999987077
 0.99999999999987221
 0.99999999999986122
 0.99999999999985811
 0.99999999999987199
 0.99999999999987199
 0.99999999999987221
 1.0000000000001172
 1.0000000000001177
 0.99999999999981781
 0.99999999999981681
 1.0000000000001461
 0.99999999999999334
 0.99999999999986677
 0.99999999999993194
 0.99999999999987998
 0.99999999999987921
 0.9999999999998721
 0.9999999999998791
 0.99999999999981581
 0.99999999999986966
 0.99999999999986877
 0.99999999999986766
 0.99999999999986877
 0.99999999999986877
 0.99999999999986755
 0.99999999999986755
 0.9999999999998096
 0.99999999999997813
 0.99999999999987532
 0.99999999999986633
 0.99999999999988998
 0.99999999999988975
 0.99999999999986477
 0.99999999999988509
 0.99999999999988531
 1.0000000000000178
 0.99999999999991152
 0.99999999999988576
 1.0000000000001346
 1.0000000000001348
 1.0000000000001346
 1.0000000000001346
 0.99999999999988542
 0.99999999999994504
 0.99999999999994316
 0.99999999999987954
 0.99999999999987943
 0.99999999999987854
 0.99999999999987965
 0.99999999999986888
 1.0000000000001259
 1.0000000000001241
 1.0000000000001261
 0.99999999999987788
 1.0000000000000184
 1.0000000000000184
 0.99999999999986844
 0.99999999999986777
 0.99999999999986822
 0.99999999999987421
 0.99999999999987421
 0.99999999999987443
 0.99999999999987488
 0.99999999999987566
 1.000000000000135
 0.99999999999987443
 0.99999999999987432
 0.99999999999983902
 0.99999999999981537
 1.0000000000001348
 0.99999999999987421
 0.99999999999987488
 0.99999999999987554
 0.99999999999987466
 0.99999999999987421
 0.99999999999981093
 0.99999999999981537
 0.9999999999998106
 0.9999999999999003
 0.9999999999999174
 1.0000000000001339
 1.0000000000001341
 1.0000000000001297
 1.0000000000001339
 1.0000000000001346
 1.0000000000000153
 1.0000000000000155
 0.99999999999986811
 0.9999999999998137
 0.99999999999984179
 0.99999999999980882
 0.99999999999981648
 0.99999999999989864
 0.99999999999988864
 0.99999999999985911
 0.99999999999986577
 0.99999999999988887
 0.99999999999991329
 0.99999999999991296
 0.99999999999991029
 1.0000000000000027
 1.0000000000000024
 0.99999999999991662
 1.0000000000000022
 1.000000000000002
 0.99999999999985989
 0.99999999999986855
 0.99999999999986988
 1.0000000000001301
 0.99999999999988187
 0.99999999999988176
 0.9999999999999134
 0.9999999999997875
 0.9999999999997875
 0.99999999999978739
 0.99999999999991407
 1.0000000000001192
 0.99999999999986167
 0.99999999999982703
 0.99999999999982692
 0.99999999999988576
 0.99999999999988509
 0.9999999999998852
 0.99999999999988487
 0.99999999999988576
 0.99999999999988609
 1.0000000000001408
 0.99999999999986211
 0.99999999999983924
 0.99999999999991307
 0.99999999999986233
 0.99999999999989764
 1.000000000000153
 0.99999999999986289
 0.99999999999986267
 0.99999999999986289
 0.999999999999866
 0.99999999999986267
 0.99999999999986267
 1.0000000000001465
 1.0000000000001463
 0.99999999999986122
 0.99999999999986089
 0.99999999999983558
 0.99999999999984157
 0.99999999999987754
 0.99999999999987743
 0.99999999999987732
 0.99999999999987887
 0.99999999999986633
 0.99999999999985911
 0.99999999999979827
 0.99999999999989408
 0.99999999999987532
 0.99999999999986877
 0.99999999999986866
 0.99999999999994182
 0.99999999999994194
 0.99999999999980271
 0.99999999999980271
 0.99999999999987643
 0.99999999999988154
 0.99999999999988187
 0.99999999999988154
 0.9999999999998811
 0.999999999999855
 0.99999999999984546
 0.99999999999990696
 0.99999999999979206
 0.99999999999980216
 1.0000000000001374
 0.99999999999987765
 0.9999999999999889
 0.99999999999998879
 0.99999999999983802
 0.99999999999990064
 0.9999999999998801
 0.99999999999975897
 0.99999999999954836
 0.99999999999954836
 0.99999999999954836
 0.99999999999981182
 1.0000000000000113
 1.0000000000000169
 1.0000000000000178
 1.0000000000000167
 0.99999999999988376
 0.99999999999987799
 0.9999999999998781
 0.99999999999987788
 0.99999999999987821
 0.99999999999981382
 0.9999999999998852
 1.0000000000001075
 1.0000000000001146
 0.99999999999988387
 0.99999999999994005
 0.99999999999980849
 0.99999999999980838
 0.99999999999985167
 0.99999999999986311
 0.99999999999986289
 0.99999999999986289
 0.99999999999986289
 0.9999999999998912
 0.99999999999980949
 0.9999999999998691
 0.99999999999986966
 0.99999999999986966
 0.99999999999991307
 0.99999999999991307
 0.99999999999986855
 0.99999999999986255
 0.99999999999999256
 0.99999999999998845
 0.99999999999991807
 0.99999999999999334
 0.99999999999999256
 0.99999999999998068
 0.99999999999998068
 0.99999999999998068
 0.99999999999998068
 0.99999999999990719
 0.99999999999990719
 0.99999999999988176
 1.0000000000001521
 1.000000000000161
 1.0000000000001519
 1.0000000000001521
 0.99999999999984412
 0.99999999999985967
 0.99999999999985967
 0.99999999999985978
 0.99999999999985967
 0.99999999999985978
 0.99999999999986078
 0.99999999999980826
 0.99999999999984912
 0.99999999999999378
 0.99999999999986122
 0.999999999999863
 0.99999999999986133
 0.99999999999986133
 0.99999999999986133
 0.99999999999980327
 0.99999999999980149
 0.99999999999986144
 0.99999999999986144
 0.99999999999986144
 0.99999999999986466
 0.99999999999985112
 0.99999999999978983
 0.99999999999978884
 0.9999999999999083
 0.99999999999990818
 0.9999999999998116
 0.99999999999999845
 0.99999999999999833
 1.0000000000001439
 0.99999999999990685
 0.99999999999990696
 0.99999999999980926
 0.99999999999987554
 0.9999999999999214
 0.99999999999980915
 0.99999999999988487
 0.99999999999988565
 0.99999999999981326
 0.99999999999981115
 0.9999999999998388
 0.99999999999986589
 0.99999999999981104
 0.99999999999988587
 0.99999999999991274
 0.99999999999988498
 0.99999999999987954
 0.99999999999987743
 0.99999999999988498
 0.99999999999987943
 0.99999999999988487
 0.99999999999987954
 0.99999999999988176
 0.99999999999988054
 0.99999999999994238
 0.99999999999981681
 1.0000000000000187
 0.99999999999985512
 0.99999999999985512
 0.99999999999985512
 0.999999999999855
 0.999999999999855
 0.99999999999985512
 0.9999999999998096
 0.99999999999983935
 0.99999999999986755
 0.999999999999859
 0.99999999999985889
 0.99999999999985478
 0.99999999999985356
 0.99999999999985489
 0.99999999999985867
 0.99999999999985134
 0.9999999999998519
 0.99999999999988531
 0.99999999999988742
 0.99999999999985967
 0.99999999999987299
 0.99999999999988542
 0.99999999999988709
 0.99999999999988609
 0.99999999999988742
 0.99999999999988343
 0.99999999999988709
 0.99999999999988365
 1.0000000000000184
 0.99999999999987077
 0.99999999999986733
 0.9999999999998137
 0.99999999999981359
 0.99999999999983624
 0.99999999999986589
 0.99999999999985245
 0.99999999999981759
 0.99999999999981326
 0.99999999999987721
 1.0000000000001448
 0.99999999999991696
 0.99999999999989664
 0.99999999999984845
 0.99999999999991052
 0.99999999999984601
 0.99999999999988243
 0.99999999999988054
 0.99999999999985223
 0.99999999999981659
 0.99999999999981659
 0.99999999999991063
 0.9999999999998852
 0.99999999999999378
 0.99999999999980882
 0.99999999999979672
 0.99999999999979683
 0.99999999999999833
 0.99999999999988765
 0.99999999999988765
 0.99999999999988642
 0.9999999999998882
 0.99999999999980882
 0.99999999999990741
 0.99999999999994205
 0.99999999999980382
 0.99999999999980616
 0.99999999999986611
 0.99999999999994194
 0.99999999999987521
 0.99999999999985867
 0.99999999999988454
 0.99999999999979972
 0.99999999999986944
 0.99999999999987377
 0.99999999999987166
 0.99999999999986888
 0.99999999999991684
 0.99999999999980915
 0.99999999999978861
 0.99999999999979594
 0.99999999999980904
 0.99999999999986766
 0.99999999999982392
 0.9999999999998479
 0.99999999999990974
 0.99999999999990974
 0.99999999999981193
 0.999999999999861
 0.99999999999987832
 0.99999999999988165
 0.99999999999988176
 0.99999999999988165
 0.99999999999986733
 0.99999999999988165
 0.99999999999986711
 0.99999999999986733
 0.99999999999986733
 0.99999999999988565
 0.99999999999988654
 1.0000000000001661
 1.0000000000001483
 1.0000000000001661
 1.0000000000001481
 1.0000000000001481
 1.0000000000001481
 1.0000000000001483
 1.0000000000001481
 0.99999999999985989
 1.0000000000001439
 0.99999999999988087
 0.99999999999987987
 0.9999999999998832
 0.99999999999987721
 0.99999999999988731
 0.99999999999988609
 0.9999999999998842
 0.99999999999987521
 0.99999999999987532
 0.9999999999998751
 0.99999999999987532
 0.99999999999987532
 0.99999999999987765
 0.99999999999986955
 0.99999999999988076
 0.99999999999987965
 0.99999999999987943
 0.99999999999988043
 0.99999999999988021
 0.99999999999988021
 0.99999999999987954
 0.9999999999998751
 0.99999999999986011
 0.99999999999985989
 0.99999999999986011
 0.99999999999985956
 0.99999999999986
 0.99999999999986
 0.99999999999985989


# name: distX
# type: scalar
4.5163872641751368e-13


# name: distA
# type: scalar
1.1725957080636978e-14


# name: distB
# type: scalar
2.1195399857712791e-13


# name: r
# type: scalar
1.8189894035458565e-12


# name: preench
# type: scalar
80.307328605200951


# name: K
# type: scalar
2415411.0174520467


# name: b
# type: matrix
# rows: 494
# columns: 1
 2198.6652559999998
 0
 -1.000000000139778e-06
 9.0000000056988938e-05
 0
 -9.9999999969568876e-07
 -3.0000000004193339e-06
 0
 0
 0
 3.5527136788005009e-15
 -9.9999999925159955e-07
 0
 0
 0
 -2.6645352591003757e-15
 4.9999999987448973e-05
 0
 0
 0
 0
 2.0000000006348273e-05
 5.0000000033634251e-05
 0
 4.0000000005591119e-06
 0
 0
 -0.00037199999997028499
 9.9999999969568876e-07
 0
 1.000000000139778e-06
 1.000000000139778e-05
 3.9999999991380264e-05
 0
 0
 0.00054999999989213677
 -4.4000000002597517e-05
 7.9999999993418669e-06
 1.0000000003174137e-05
 -1.9999999992137418e-05
 4.7999999941428229e-05
 2.9999999977547986e-06
 0
 -1.0000000003174137e-05
 6.0000000017268462e-06
 2.0000000002795559e-06
 -2.9999999995311555e-06
 -4.0000000062434538e-05
 -4.9999999962579977e-06
 3.4999999999563158e-05
 1.7763568394002505e-15
 0
 -7.1054273576010019e-15
 -4.0000000005591119e-06
 0
 9.0000000003698233e-06
 8.0000000011182237e-06
 -4.4408920985006262e-16
 0
 0
 -4.9999999980343546e-06
 0
 -4.2999999991799598e-06
 0
 -3.5527136788005009e-15
 0
 -5.7000000026619091e-05
 9.9999999996214228e-06
 0
 1.8999999930713329e-05
 1.0000000010279564e-05
 -2.0000000007236451e-06
 0
 0
 0
 0
 -4.0000000014472903e-06
 -5.9999999995064002e-06
 0
 -3.9999999927875507e-06
 3.5527136788005009e-15
 -3.9999999998485691e-05
 0
 7.0000000009784458e-06
 2.2000000043487233e-05
 0
 -3.5527136788005009e-15
 0.00010000000003174137
 -9.9999999925159955e-07
 0
 3.9999999973616696e-05
 1.000000000139778e-06
 0
 0
 6.2172489379008766e-15
 0
 -3.9999999996709334e-06
 -4.0000000005591119e-06
 1.0000000003174137e-05
 -0.00050000000004501999
 0
 -3.0000000066365828e-06
 -9.9999999960687092e-06
 9.0000000056988938e-06
 0
 0
 0
 -9.9999999960687092e-06
 0
 0
 0
 -5.000000001142979e-06
 2.9999999995311555e-05
 3.999999998782755e-06
 0
 -9.9999999960687092e-06
 -9.9999999996214228e-06
 -1.7763568394002505e-15
 1.7763568394002505e-15
 3.000000000952241e-05
 0
 -5.9999999981741325e-06
 8.9999999990375557e-06
 -9.9999999747524271e-07
 0
 -3.999999998782755e-06
 0
 1.0000000003174137e-05
 0
 0
 0
 0
 0
 0
 0
 8.9999999968171096e-05
 -7.9999999995195026e-05
 1.0000000003174137e-05
 0
 -3.000000000952241e-05
 -3.0000000037944119e-05
 0.00013999999993075107
 9.0000000028567229e-05
 0
 0
 -9.9999999747524271e-07
 1.0000000010279564e-06
 -4.0000000005591119e-06
 -3.5527136788005009e-15
 -1.7763568394002505e-15
 -7.000000003642981e-06
 -9.9999999747524271e-07
 4.0000000005591119e-06
 0
 8.9999999968171096e-05
 -0.00054199999976844992
 -0.0015839999996387633
 0
 -9.9999999658706429e-07
 -3.000000000952241e-05
 0
 0
 -2.0000000006348273e-05
 -0.00047000000002128672
 0
 -1.0000000005838672e-06
 -0.00041999999996278348
 0
 -3.0000000030838692e-06
 0
 0
 3.000000000952241e-05
 1.7000000013922545e-05
 9.9999999392252903e-07
 6.9999999965375537e-06
 0
 0
 -5.3290705182007514e-15
 1.9999999985031991e-06
 0
 0
 0
 -1.9999999985031991e-06
 0
 0
 4.9999999998107114e-06
 -1.0000000003174137e-05
 1.0000000003618226e-06
 0
 3.2999999990401818e-06
 -4.99999999945544e-05
 1.7763568394002505e-15
 0
 0
 0
 0
 0
 0
 -1.0000000003174137e-05
 0
 0
 3.5527136788005009e-15
 -1.0000000116860974e-06
 0.00074099999986287912
 0.00041999999988107106
 0
 2.9999999995311555e-05
 4.0000000005591119e-06
 0
 0
 -4.0000000041118255e-06
 0
 -9.9999999925159955e-07
 7.1054273576010019e-15
 -1.000000000139778e-06
 -4.9999999987448973e-05
 -1.900000000887303e-05
 0
 9.9999999925159955e-06
 -1.0000000088439265e-05
 -2.0000000016118236e-06
 4.0000000005591119e-06
 6.0000000008386678e-06
 1.8000000006956896e-05
 1.6999999983724479e-05
 2.6000000019621439e-05
 0
 6.9999999983139105e-06
 0
 -9.0000000003698233e-06
 2.0000000006348273e-05
 5.0000000015870683e-05
 2.99999999811007e-05
 0
 5.0000000015870683e-05
 -3.9999999984274837e-05
 -3.5527136788005009e-15
 1.9999999992137418e-05
 5.999999999062311e-06
 -8.8817841970012523e-16
 -1.0000000010279564e-06
 -4.9999999987448973e-05
 4.0000000010032011e-06
 0
 -1.9999999985031991e-06
 -1.9999999977926564e-05
 0
 9.9999999214617219e-07
 -0.0024790000024950132
 0
 0
 -9.9999999925159955e-07
 2.9999999995311555e-06
 0
 -3.000000000952241e-05
 -3.9999999970063982e-06
 1.0000000010279564e-05
 -3.000000000952241e-05
 0
 0
 0
 3.5000000009333121e-05
 5.0000000008765255e-05
 -4.0000000005591119e-06
 4.0000000005591119e-06
 0
 0
 0
 -1.0000000010279564e-06
 3.9999999998485691e-05
 0.00047999999996406473
 9.9999999996214228e-06
 0
 0
 -2.0000000002795559e-06
 1.000000000139778e-06
 9.0000000014356374e-05
 -1.9999999999242846e-05
 0
 -2.0000000002795559e-06
 9.9999999960687092e-06
 0
 1.9999999949504854e-05
 0
 2.8000000000361069e-05
 -5.9999999972859541e-06
 2.0000000006348273e-05
 0
 3.5527136788005009e-15
 3.5527136788005009e-15
 0
 0
 0
 -1.0000000003174137e-05
 0
 -2.6000000048931327e-05
 -5.3000000008296411e-05
 0
 0
 -4.9999999991001687e-05
 -0.00070800000022330778
 0.00014000000005864877
 0
 0.00014000000005864877
 0
 0.00045999999997548002
 1.0000000010279564e-06
 0
 4.0000000041118255e-06
 0.00020999999969006922
 3.0000000016627837e-05
 0
 0
 0
 -9.0000000056988938e-06
 -8.8817841970012523e-16
 -7.9999999968549673e-05
 -7.9999999968549673e-05
 -7.9999999968549673e-05
 5.9999999977300433e-06
 2.9999999995311555e-06
 6.0000000008386678e-06
 -0.0032370000008086208
 0
 -0.00052000000005136826
 -4.9999999998107114e-06
 0
 0.00037299999985407339
 -9.9999999747524271e-07
 0
 9.9999999925159955e-07
 -5.9999999981741325e-06
 3.5527136788005009e-15
 0
 -1.000000000139778e-06
 0
 1.0000000003174137e-05
 0
 4.9999999940375517e-06
 1.0000000116860974e-06
 2.9999999999752447e-06
 0
 0
 0
 -3.5527136788005009e-15
 1.0000000116860974e-06
 0
 0
 0
 0
 0
 3.5527136788005009e-15
 0.0012799999985873001
 -1.0000000010279564e-06
 -2.9999999995311555e-06
 0
 2.2000000001298758e-05
 0
 0
 0
 0
 0
 -8.0000000011182237e-06
 0
 0
 0
 1.9999999967268423e-06
 9.9999999960687092e-06
 3.5527136788005009e-15
 0
 0
 5.0000000015870683e-05
 1.9999999999242846e-05
 1.0000000003174137e-05
 4.0000000005591119e-06
 0
 3.5527136788005009e-15
 0
 4.0000000005591119e-06
 -2.9999999959784418e-06
 9.999999997845066e-06
 0
 0
 -4.3000000005122274e-05
 -3.1000000006997652e-05
 -2.0000000006348273e-05
 9.9999999925159955e-07
 -3.9999999994488888e-06
 0
 0
 -2.0000000006348273e-05
 -4.0999999981750079e-05
 0
 3.999999998782755e-06
 0
 4.0000000023354687e-05
 2.9999999995311555e-06
 -4.0000000005591119e-06
 -3.9999999955853127e-05
 2.0000000002795559e-06
 -2.9999999995311555e-06
 7.1054273576010019e-15
 -0.0031899999994493555
 -3.000000000952241e-05
 0
 -4.9999999998107114e-06
 0
 5.0000000005212542e-05
 7.1054273576010019e-15
 5.0000000015870683e-06
 0
 -7.0000000009784458e-06
 0
 -1.4000000007285962e-05
 0
 0
 7.9999999968549673e-05
 4.9999999980343546e-06
 0
 -3.999999998782755e-06
 -1.0999999997096666e-05
 7.000000003642981e-06
 0
 0
 0
 2.9999999995311555e-06
 0
 2.0000000002795559e-06
 -3.000000000952241e-05
 1.0000000003174137e-05
 -5.99999999622014e-05
 -1.9999999977926564e-05
 0
 3.0000000013075123e-06
 0.0034300000001596942
 -3.9999999970063982e-06
 2.9999999995311555e-06
 1.6000000002236447e-05
 0
 -8.8817841970012523e-16
 0
 4.9999999980343546e-06
 2.9999999995311555e-06
 9.0000000021461801e-06
 -1.0000000003174137e-05
 -1.0000000003174137e-05
 -9.9999999960687092e-06
 0
 -3.0000000244001512e-06
 -0.002500000000509317
 0
 0
 0
 4.0000000041118255e-06
 -3.9999999984274837e-05
 -0.00044499999967229087
 -1.4000000005065516e-05
 0
 0
 0
 0
 0
 0
 9.9999999925159955e-07
 0
 -0.0007100000002537854
 4.9999999987448973e-05
 1.7763568394002505e-15
 0
 7.1054273576010019e-15
 0
 -9.9999999889632818e-06
 8.999999997172381e-05
 0
 0
 0
 0
 0
 0
 -0.00097000000059210834
 0.00017000000002553861
 0.00010000000003174137
 4.0000000012696546e-05
 0
 0
 1.0000000003174137e-05
 0
 -3.000000000952241e-05
 0
 4.0000000005591119e-05
 0
 0
 -2.9999999995311555e-05
 1.0000000003174137e-05


# name: a
# type: sparse matrix
# nnz: 1666
# rows: 494
# columns: 494
1 1 2220.8739999999998
16 1 -9.9601590000000009
46 1 -8.1967210000000001
267 1 -4.0518640000000001
2 2 5.4106699999999996
4 2 -5.4106699999999996
3 3 13.57086
52 3 -5.6657229999999998
186 3 -7.905138
2 4 -5.4106699999999996
4 4 618.39679999999998
8 4 -91.996319999999997
120 4 -100
158 4 -294.11759999999998
429 4 -53.504550000000002
432 4 -73.367570000000001
5 5 8
115 5 -8
6 6 5.251112
150 6 -1.526718
433 6 -3.7243949999999999
7 7 12.50981
18 7 -0.5
165 7 -2.6191719999999998
367 7 -3.6036039999999998
426 7 -5.7870369999999998
4 8 -91.996319999999997
8 8 91.996319999999997
9 9 10.214499999999999
422 9 -10.214499999999999
10 10 277.3766
205 10 -127.2265
277 10 -150.15010000000001
11 11 79.800340000000006
412 11 -50.301810000000003
436 11 -29.498529999999999
12 12 13.01557
13 12 -1.3333330000000001
14 12 -2.1584289999999999
16 12 -9.523809
12 13 -1.3333330000000001
13 13 1.3333330000000001
12 14 -2.1584289999999999
14 14 2.1584289999999999
15 15 7.0126229999999996
16 15 -7.0126229999999996
1 16 -9.9601590000000009
12 16 -9.523809
15 16 -7.0126229999999996
16 16 60.12576
17 16 -21.786490000000001
19 16 -7.0372969999999997
57 16 -4.8053819999999998
16 17 -21.786490000000001
17 17 100.1224
20 17 -17.605630000000001
21 17 -17.605630000000001
281 17 -14.306150000000001
334 17 -28.818449999999999
7 18 -0.5
18 18 0.5
16 19 -7.0372969999999997
19 19 7.0372969999999997
17 20 -17.605630000000001
20 20 17.605630000000001
17 21 -17.605630000000001
21 21 17.605630000000001
22 22 105.8066
23 22 -37.313429999999997
140 22 -68.49315
22 23 -37.313429999999997
23 23 238.15960000000001
140 23 -81.967219999999998
155 23 -108.6956
197 23 -10.183299999999999
24 24 7.8064020000000003
25 24 -7.8064020000000003
24 25 -7.8064020000000003
25 25 25.047989999999999
157 25 -4.7415839999999996
170 25 -12.5
26 26 72.584360000000004
99 26 -42.372880000000002
425 26 -30.211480000000002
27 27 423.72879999999998
28 27 -423.72879999999998
27 28 -423.72879999999998
28 28 1022.734
85 28 -3.7674720000000002
173 28 -595.23810000000003
29 29 7.613696
307 29 -4.3878890000000004
316 29 -3.225806
30 30 5.4288819999999998
31 30 -5.4288819999999998
30 31 -5.4288819999999998
31 31 28.912680000000002
182 31 -17.09402
186 31 -6.3897769999999996
32 32 16.376570000000001
376 32 -5
444 32 -11.37656
33 33 106.1647
34 33 -62.111800000000002
239 33 -44.052860000000003
33 34 -62.111800000000002
34 34 62.111800000000002
35 35 13.60544
222 35 -13.60544
36 36 1122.904
325 36 -1111.1110000000001
419 36 -11.792450000000001
37 37 208.5616
147 37 -8.5616439999999994
262 37 -200
38 38 19.286960000000001
39 38 -11.049720000000001
398 38 -8.2372320000000006
38 39 -11.049720000000001
39 39 50.429810000000003
40 39 -22.573360000000001
281 39 -16.806719999999999
39 40 -22.573360000000001
40 40 107.31910000000001
417 40 -84.745760000000004
41 41 1125.308
47 41 -11.655010000000001
328 41 -1111.1110000000001
413 41 -2.5419420000000001
42 42 40.630240000000001
172 42 -34.843200000000003
328 42 -5.7870369999999998
43 43 32.25806
175 43 -32.25806
44 44 50.45194
102 44 -11.990410000000001
286 44 -38.461539999999999
45 45 21.89011
174 45 -6.293266
203 45 -4.9975009999999997
264 45 -5.3361789999999996
285 45 -5.2631579999999998
1 46 -8.1967210000000001
46 46 14.953480000000001
253 46 -6.7567570000000003
41 47 -11.655010000000001
47 47 29.279530000000001
153 47 -3.4199730000000002
285 47 -14.204549999999999
48 48 1682.9860000000001
205 48 -114.02509999999999
271 48 -1333.3330000000001
283 48 -180.18020000000001
306 48 -55.447740000000003
49 49 65.393370000000004
50 49 -47.619050000000001
114 49 -6.0096150000000002
455 49 -11.764709999999999
49 50 -47.619050000000001
50 50 168.41249999999999
238 50 -111.11109999999999
331 50 -5.0761419999999999
442 50 -4.6061730000000001
51 51 39.446350000000002
82 51 -24.271840000000001
409 51 -15.17451
3 52 -5.6657229999999998
52 52 10.484999999999999
397 52 -4.8192769999999996
53 53 89.160839999999993
271 53 -37.878790000000002
310 53 -51.282049999999998
54 54 14.70295
162 54 -6.8965519999999998
406 54 -7.8064020000000003
55 55 40.845950000000002
269 55 -21.978020000000001
363 55 -18.867930000000001
56 56 20.84468
124 56 -9.6339109999999994
224 56 -11.210760000000001
16 57 -4.8053819999999998
57 57 19.21461
84 57 -14.409219999999999
58 58 8.2908159999999995
59 58 -6.25
60 58 -2.040816
58 59 -6.25
59 59 63.998539999999998
347 59 -13.88889
377 59 -43.859650000000002
58 60 -2.040816
60 60 2.040816
61 61 25.70627
332 61 -18.181819999999998
418 61 -7.5244549999999997
62 62 8.0840739999999993
438 62 -8.0840739999999993
63 63 17.001380000000001
64 63 -0.67024130000000004
89 63 -3.3411300000000002
190 63 -9.523809
394 63 -3.4662039999999998
63 64 -0.67024130000000004
64 64 0.67024130000000004
65 65 68.635109999999997
66 65 -56.179780000000001
428 65 -5.6433410000000004
436 65 -6.8119889999999996
65 66 -56.179780000000001
66 66 56.179780000000001
67 67 794.43589999999995
69 67 -9.727627
70 67 -714.28579999999999
71 67 -70.422529999999995
68 68 63.740789999999997
70 68 -23.4192
72 68 -15.076140000000001
73 68 -10.752689999999999
214 68 -14.492749999999999
67 69 -9.727627
69 69 9.727627
67 70 -714.28579999999999
68 70 -23.4192
70 70 898.17359999999996
71 70 -64.10257
72 70 -8.4674010000000006
142 70 -49.627789999999997
311 70 -15.01501
320 70 -23.25581
67 71 -70.422529999999995
70 71 -64.10257
71 71 309.75139999999999
74 71 -22.52252
75 71 -22.52252
76 71 -27.02703
91 71 -57.471260000000001
353 71 -45.682960000000001
68 72 -15.076140000000001
70 72 -8.4674010000000006
72 72 44.659610000000001
212 72 -8.291874
213 72 -8.4245999999999999
440 72 -2.1739130000000002
464 72 -2.2256840000000002
68 73 -10.752689999999999
73 73 10.752689999999999
71 74 -22.52252
74 74 22.52252
71 75 -22.52252
75 75 22.52252
71 76 -27.02703
76 76 27.02703
77 77 43.256959999999999
78 77 -11.62791
187 77 -25.641030000000001
264 77 -5.9880240000000002
77 78 -11.62791
78 78 14.95486
123 78 -1.324152
265 78 -2.0028039999999998
79 79 59.783589999999997
80 79 -18.99335
214 79 -18.518519999999999
421 79 -22.271719999999998
79 80 -18.99335
80 80 76.989320000000006
147 80 -9.765625
252 80 -3.3322229999999999
355 80 -9.6618359999999992
393 80 -33.33334
437 80 -1.9029499999999999
81 81 54.865130000000001
396 81 -34.246569999999998
457 81 -20.618559999999999
51 82 -24.271840000000001
82 82 130.65479999999999
287 82 -106.383
83 83 8.6511689999999994
387 83 -4.8804299999999996
423 83 -3.7707389999999998
57 84 -14.409219999999999
84 84 18.529540000000001
173 84 -4.1203130000000003
28 85 -3.7674720000000002
85 85 318.49470000000002
88 85 -294.11759999999998
116 85 -14.02525
275 85 -3.544842
454 85 -3.039514
86 86 11.6144
88 86 -11.6144
87 87 55.873019999999997
88 87 -40
236 87 -15.87302
85 88 -294.11759999999998
86 88 -11.6144
87 88 -40
88 88 345.7321
63 89 -3.3411300000000002
89 89 8.1511340000000008
326 89 -4.8100050000000003
90 90 215.09010000000001
91 90 -125
386 90 -90.090100000000007
71 91 -57.471260000000001
90 91 -125
91 91 295.42849999999999
93 91 -38.759689999999999
94 91 -38.910510000000002
95 91 -11.53403
371 91 -23.752970000000001
92 92 79.781509999999997
95 92 -74.626869999999997
387 92 -5.1546390000000004
91 93 -38.759689999999999
93 93 38.759689999999999
91 94 -38.910510000000002
94 94 38.910510000000002
91 95 -11.53403
92 95 -74.626869999999997
95 95 94.053560000000004
96 95 -7.8926600000000002
95 96 -7.8926600000000002
96 96 7.8926600000000002
97 97 17.55133
326 97 -10.79914
422 97 -6.7521940000000003
98 98 15.57329
150 98 -5.8927519999999998
156 98 -9.6805420000000009
26 99 -42.372880000000002
99 99 76.271190000000004
224 99 -33.898299999999999
100 100 1230.337
158 100 -116.2791
220 100 -769.23080000000004
391 100 -344.82760000000002
101 101 26.04167
102 101 -26.04167
44 102 -11.990410000000001
101 102 -26.04167
102 102 79.669889999999995
178 102 -22.471910000000001
233 102 -10
286 102 -9.1659030000000001
103 103 104.405
306 103 -55.648299999999999
429 103 -48.756709999999998
104 104 85.535790000000006
105 104 -4.7169809999999996
191 104 -17.793589999999998
257 104 -18.382349999999999
263 104 -44.642859999999999
104 105 -4.7169809999999996
105 105 4.7169809999999996
106 106 14.409219999999999
255 106 -14.409219999999999
107 107 41.132950000000001
246 107 -20.08032
334 107 -21.052630000000001
108 108 91.69453
191 108 -72.463769999999997
380 108 -19.23077
109 109 9.7847360000000005
112 109 -9.7847360000000005
110 110 1.0298659999999999
112 110 -1.0298659999999999
111 111 2.1645020000000001
112 111 -2.1645020000000001
109 112 -9.7847360000000005
110 112 -1.0298659999999999
111 112 -2.1645020000000001
112 112 26.689959999999999
123 112 -3.4928400000000002
179 112 -6.802721
298 112 -3.4152999999999998
113 113 140.1105
263 113 -36.764710000000001
337 113 -37.313429999999997
378 113 -46.948360000000001
416 113 -19.083970000000001
49 114 -6.0096150000000002
114 114 14.010439999999999
115 114 -2.6041669999999999
285 114 -5.3966539999999998
5 115 -8
114 115 -2.6041669999999999
115 115 13.984830000000001
354 115 -3.3806630000000002
85 116 -14.02525
116 116 32.240180000000002
117 116 -18.214939999999999
116 117 -18.214939999999999
117 117 36.767809999999997
119 117 -18.552879999999998
118 118 29.756329999999998
124 118 -19.083970000000001
346 118 -10.672359999999999
117 119 -18.552879999999998
119 119 28.715479999999999
346 119 -10.162599999999999
4 120 -100
120 120 176.92310000000001
429 120 -76.923069999999996
121 121 16.949149999999999
123 121 -16.949149999999999
122 122 33.941960000000002
123 122 -5.78369
187 122 -12.903230000000001
264 122 -9.6339109999999994
297 122 -5.6211349999999998
78 123 -1.324152
112 123 -3.4928400000000002
121 123 -16.949149999999999
122 123 -5.78369
123 123 38.087049999999998
179 123 -7.5187970000000002
265 123 -3.0184120000000001
56 124 -9.6339109999999994
118 124 -19.083970000000001
124 124 28.717880000000001
125 125 3.2948930000000001
126 125 -3.2948930000000001
125 126 -3.2948930000000001
126 126 10.283010000000001
385 126 -6.9881209999999996
127 127 39.109090000000002
129 127 -19.841270000000002
226 127 -19.26782
128 128 56.252830000000003
225 128 -18.93939
438 128 -37.313429999999997
127 129 -19.841270000000002
129 129 19.841270000000002
130 130 15.97444
141 130 -15.97444
131 131 15.97444
141 131 -15.97444
132 132 18.382349999999999
141 132 -18.382349999999999
133 133 62.111800000000002
142 133 -62.111800000000002
134 134 54.347819999999999
143 134 -54.347819999999999
135 135 22.573360000000001
140 135 -22.573360000000001
136 136 405.78519999999997
141 136 -333.33330000000001
142 136 -59.171599999999998
144 136 -13.28021
137 137 444.03410000000002
141 137 -370.37040000000002
142 137 -60.240960000000001
145 137 -13.42282
138 138 125.4902
199 138 -58.823520000000002
340 138 -66.666669999999996
139 139 13.568519999999999
147 139 -13.568519999999999
22 140 -68.49315
23 140 -81.967219999999998
135 140 -22.573360000000001
140 140 173.03370000000001
130 141 -15.97444
131 141 -15.97444
132 141 -18.382349999999999
136 141 -333.33330000000001
137 141 -370.37040000000002
141 141 754.03489999999999
70 142 -49.627789999999997
133 142 -62.111800000000002
136 142 -59.171599999999998
137 142 -60.240960000000001
142 142 643.31539999999995
143 142 -188.67920000000001
473 142 -188.67920000000001
478 142 -12.18027
487 142 -22.62444
134 143 -54.347819999999999
142 143 -188.67920000000001
143 143 274.58280000000002
242 143 -31.555689999999998
136 144 -13.28021
144 144 13.28021
137 145 -13.42282
145 145 13.42282
146 146 86.175740000000005
183 146 -8.5763289999999994
245 146 -6.8780520000000003
339 146 -70.721360000000004
37 147 -8.5616439999999994
80 147 -9.765625
139 147 -13.568519999999999
147 147 31.895790000000002
148 148 19.607839999999999
434 148 -9.803922
443 148 -9.803922
149 149 36.061349999999997
150 149 -20.607790000000001
217 149 -15.45356
6 150 -1.526718
98 150 -5.8927519999999998
149 150 -20.607790000000001
150 150 38.128270000000001
397 150 -10.10101
151 151 52.868479999999998
153 151 -5.371435
154 151 -2.4520019999999998
155 151 -45.045050000000003
152 152 55.50949
153 152 -5.4436580000000001
154 152 -2.4467829999999999
155 152 -47.619050000000001
47 153 -3.4199730000000002
151 153 -5.371435
152 153 -5.4436580000000001
153 153 29.86007
203 153 -15.625
151 154 -2.4520019999999998
152 154 -2.4467829999999999
154 154 4.8987850000000002
23 155 -108.6956
151 155 -45.045050000000003
152 155 -47.619050000000001
155 155 218.7209
241 155 -17.36111
98 156 -9.6805420000000009
156 156 10009.68
157 156 -10000
25 157 -4.7415839999999996
156 157 -10000
157 157 10004.74
4 158 -294.11759999999998
100 158 -116.2791
158 158 410.39670000000001
159 159 95.742789999999999
160 159 -40.734679999999997
183 159 -10.02305
248 159 -21.168500000000002
388 159 -16.463619999999999
392 159 -7.3529410000000004
159 160 -40.734679999999997
160 160 202.01499999999999
369 160 -19.436350000000001
399 160 -141.84399999999999
161 161 2.2099449999999998
410 161 -2.2099449999999998
54 162 -6.8965519999999998
162 162 8.6686589999999999
355 162 -1.7721070000000001
163 163 132.4126
167 163 -22.52252
246 163 -109.8901
164 164 1076.971
167 164 -999.99990000000003
231 164 -15.598190000000001
417 164 -27.359780000000001
470 164 -34.013599999999997
7 165 -2.6191719999999998
165 165 2.6191719999999998
166 166 11.86609
341 166 -8.0710250000000006
423 166 -3.7950659999999998
163 167 -22.52252
164 167 -999.99990000000003
167 167 1022.522
168 168 66.800269999999998
169 168 -66.800269999999998
168 169 -66.800269999999998
169 169 77.049899999999994
344 169 -4.9731449999999997
400 169 -5.2764879999999996
25 170 -12.5
170 170 179.16669999999999
325 170 -166.66669999999999
171 171 76.923069999999996
172 171 -76.923069999999996
42 172 -34.843200000000003
171 172 -76.923069999999996
172 172 111.7663
28 173 -595.23810000000003
84 173 -4.1203130000000003
173 173 618.79100000000005
202 173 -19.432569999999998
45 174 -6.293266
174 174 41.110849999999999
175 174 -9.2421330000000008
285 174 -25.57545
43 175 -32.25806
174 175 -9.2421330000000008
175 175 41.5002
176 176 3.6764700000000001
464 176 -3.6764700000000001
177 177 5.4200540000000004
226 177 -5.4200540000000004
102 178 -22.471910000000001
178 178 36.943689999999997
340 178 -14.471780000000001
112 179 -6.802721
123 179 -7.5187970000000002
179 179 14.32152
180 180 14.64129
181 180 -14.64129
180 181 -14.64129
181 181 89.829260000000005
233 181 -75.187970000000007
31 182 -17.09402
182 182 17.09402
146 183 -8.5763289999999994
159 183 -10.02305
183 183 48.701149999999998
184 183 -3.3199429999999999
185 183 -10.17605
248 183 -16.605779999999999
183 184 -3.3199429999999999
184 184 3.3199429999999999
183 185 -10.17605
185 185 10.17605
3 186 -7.905138
31 186 -6.3897769999999996
186 186 14.294919999999999
77 187 -25.641030000000001
122 187 -12.903230000000001
187 187 38.544249999999998
188 188 4.0978130000000004
198 188 -2.428363
212 188 -1.669449
189 189 0.1703577
190 189 -0.1703577
63 190 -9.523809
189 190 -0.1703577
190 190 12.439159999999999
401 190 -2.74499
104 191 -17.793589999999998
108 191 -72.463769999999997
191 191 209.33580000000001
192 191 -8
195 191 -12.014900000000001
196 191 -17.8444
374 191 -30.4878
380 191 -14.16832
416 191 -36.563070000000003
191 192 -8
192 192 29.547830000000001
193 192 -10.20096
194 192 -11.346869999999999
192 193 -10.20096
193 193 10.20096
192 194 -11.346869999999999
194 194 11.346869999999999
191 195 -12.014900000000001
195 195 12.014900000000001
191 196 -17.8444
196 196 17.8444
23 197 -10.183299999999999
197 197 28.49832
465 197 -18.315020000000001
188 198 -2.428363
198 198 10.61167
201 198 -8.1833069999999992
138 199 -58.823520000000002
199 199 101.3767
364 199 -42.553190000000001
200 200 4.8053819999999998
280 200 -4.8053819999999998
198 201 -8.1833069999999992
201 201 8.1833069999999992
173 202 -19.432569999999998
202 202 40.313760000000002
247 202 -20.88119
45 203 -4.9975009999999997
153 203 -15.625
203 203 124.78919999999999
297 203 -104.16670000000001
204 204 1214.5329999999999
205 204 -1123.595
206 204 -5.7583789999999997
207 204 -85.178880000000007
10 205 -127.2265
48 205 -114.02509999999999
204 205 -1123.595
205 205 1543.6079999999999
208 205 -15.498710000000001
283 205 -93.283580000000001
357 205 -53.106749999999998
369 205 -16.871939999999999
204 206 -5.7583789999999997
206 206 5.7583789999999997
204 207 -85.178880000000007
207 207 149.57040000000001
278 207 -64.391490000000005
205 208 -15.498710000000001
208 208 21.777360000000002
209 208 -6.2786460000000002
208 209 -6.2786460000000002
209 209 6.2786460000000002
210 210 8.7950739999999996
211 210 -8.7950739999999996
210 211 -8.7950739999999996
211 211 45.570149999999998
457 211 -20.876830000000002
465 211 -15.898250000000001
72 212 -8.291874
188 212 -1.669449
212 212 9.9613230000000001
72 213 -8.4245999999999999
213 213 16.73715
444 213 -8.3125509999999991
68 214 -14.492749999999999
79 214 -18.518519999999999
214 214 33.011270000000003
215 215 10.294729999999999
390 215 -5.7012539999999996
440 215 -4.593477
216 216 243.99510000000001
217 216 -181.81819999999999
218 216 -11.41553
219 216 -50.761420000000001
149 217 -15.45356
216 217 -181.81819999999999
217 217 278.13839999999999
277 217 -46.663559999999997
286 217 -5.4674690000000004
429 217 -28.73563
216 218 -11.41553
218 218 11.41553
216 219 -50.761420000000001
219 219 77.571079999999995
235 219 -26.809650000000001
100 220 -769.23080000000004
220 220 978.00829999999996
271 220 -59.523809999999997
449 220 -149.25370000000001
221 221 14.175269999999999
367 221 -10.504200000000001
464 221 -3.6710720000000001
35 222 -13.60544
222 222 24.752130000000001
240 222 -3.9936099999999999
436 222 -7.1530760000000004
223 223 27.514140000000001
345 223 -14.705880000000001
398 223 -5.7110219999999998
407 223 -7.097232
56 224 -11.210760000000001
99 224 -33.898299999999999
224 224 74.144000000000005
377 224 -24.390239999999999
454 224 -4.6446820000000004
128 225 -18.93939
225 225 238.16739999999999
226 225 -200
282 225 -8.1168829999999996
377 225 -11.11111
127 226 -19.26782
177 226 -5.4200540000000004
225 226 -200
226 226 224.68790000000001
227 227 15.2439
228 227 -15.2439
227 228 -15.2439
228 228 19.758579999999998
420 228 -4.5146730000000002
229 229 36.49635
230 229 -36.49635
229 230 -36.49635
230 230 95.454160000000002
315 230 -55.248620000000003
436 230 -3.7091989999999999
164 231 -15.598190000000001
231 231 100.6927
386 231 -19.305019999999999
473 231 -65.789469999999994
232 232 329.62310000000002
233 232 -200
234 232 -11.976050000000001
235 232 -117.64700000000001
102 233 -10
181 233 -75.187970000000007
232 233 -200
233 233 285.18799999999999
232 234 -11.976050000000001
234 234 11.976050000000001
219 235 -26.809650000000001
232 235 -117.64700000000001
235 235 144.45670000000001
87 236 -15.87302
236 236 165.72380000000001
301 236 -62.208399999999997
399 236 -87.642420000000001
237 237 82.18844
300 237 -58.004640000000002
308 237 -24.183800000000002
50 238 -111.11109999999999
238 238 151.43369999999999
294 238 -40.322580000000002
33 239 -44.052860000000003
239 239 48.515160000000002
322 239 -4.462294
222 240 -3.9936099999999999
240 240 8.2308979999999998
422 240 -4.2372880000000004
155 241 -17.36111
241 241 26.750779999999999
329 241 -9.3896709999999999
143 242 -31.555689999999998
242 242 329.21940000000001
258 242 -186.56720000000001
431 242 -38.580249999999999
480 242 -72.516310000000004
243 243 28.62424
244 243 -27.173909999999999
309 243 -1.450326
243 244 -27.173909999999999
244 244 27.173909999999999
146 245 -6.8780520000000003
245 245 36.980400000000003
300 245 -30.102350000000001
107 246 -20.08032
163 246 -109.8901
246 246 129.97040000000001
202 247 -20.88119
247 247 99.006190000000004
333 247 -78.125
159 248 -21.168500000000002
183 248 -16.605779999999999
248 248 45.486759999999997
249 248 -7.7124790000000001
248 249 -7.7124790000000001
249 249 20007.709999999999
250 249 -10000
251 249 -10000
249 250 -10000
250 250 10000
249 251 -10000
251 251 10000
80 252 -3.3322229999999999
252 252 10.845370000000001
363 252 -7.5131480000000002
46 253 -6.7567570000000003
253 253 14.75676
256 253 -8
254 254 1.459854
256 254 -1.459854
106 255 -14.409219999999999
255 255 103.4288
256 255 -40
385 255 -49.01961
253 256 -8
254 256 -1.459854
255 256 -40
256 256 49.459850000000003
104 257 -18.382349999999999
257 257 141.79230000000001
266 257 -10.967320000000001
336 257 -22.271719999999998
402 257 -48.154089999999997
427 257 -42.01681
242 258 -186.56720000000001
258 258 545.16840000000002
259 258 -90.744100000000003
260 258 -90.009
261 258 -89.126559999999998
431 258 -28.66151
466 258 -60.06006
258 259 -90.744100000000003
259 259 90.744100000000003
258 260 -90.009
260 260 90.009
258 261 -89.126559999999998
261 261 89.126559999999998
37 262 -200
262 262 204.90440000000001
443 262 -4.9043650000000003
104 263 -44.642859999999999
113 263 -36.764710000000001
263 263 172.72620000000001
336 263 -63.694270000000003
378 263 -27.624310000000001
45 264 -5.3361789999999996
77 264 -5.9880240000000002
122 264 -9.6339109999999994
264 264 26.741800000000001
265 264 -5.78369
78 265 -2.0028039999999998
123 265 -3.0184120000000001
264 265 -5.78369
265 265 10.80491
257 266 -10.967320000000001
266 266 10.967320000000001
1 267 -4.0518640000000001
267 267 12.33001
407 267 -8.2781459999999996
268 268 6.802721
269 268 -6.802721
55 269 -21.978020000000001
268 269 -6.802721
269 269 33.414659999999998
422 269 -4.6339199999999998
270 270 146.16419999999999
372 270 -72.254329999999996
404 270 -73.909829999999999
48 271 -1333.3330000000001
53 271 -37.878790000000002
220 271 -59.523809999999997
271 271 1493.0409999999999
272 271 -17.241379999999999
310 271 -26.881720000000001
377 271 -18.181819999999998
271 272 -17.241379999999999
272 272 43.92595
273 272 -13.315580000000001
274 272 -13.368980000000001
272 273 -13.315580000000001
273 273 13.315580000000001
272 274 -13.368980000000001
274 274 13.368980000000001
85 275 -3.544842
275 275 27.820969999999999
345 275 -9.5419850000000004
375 275 -8.3402829999999994
407 275 -6.3938620000000004
276 276 12.32253
315 276 -4.6772689999999999
394 276 -7.6452600000000004
10 277 -150.15010000000001
217 277 -46.663559999999997
277 277 278.51310000000001
432 277 -81.699349999999995
207 278 -64.391490000000005
278 278 273.04660000000001
279 278 -86.206890000000001
431 278 -104.16670000000001
479 278 -18.28154
278 279 -86.206890000000001
279 279 86.206890000000001
200 280 -4.8053819999999998
280 280 15.758279999999999
281 280 -10.9529
17 281 -14.306150000000001
39 281 -16.806719999999999
280 281 -10.9529
281 281 42.065779999999997
225 282 -8.1168829999999996
282 282 8.1168829999999996
48 283 -180.18020000000001
205 283 -93.283580000000001
283 283 273.46379999999999
284 284 39.028030000000001
285 284 -3.4928400000000002
287 284 -18.083179999999999
288 284 -17.452010000000001
45 285 -5.2631579999999998
47 285 -14.204549999999999
114 285 -5.3966539999999998
174 285 -25.57545
284 285 -3.4928400000000002
285 285 151.97190000000001
289 285 -49.01961
290 285 -49.01961
44 286 -38.461539999999999
102 286 -9.1659030000000001
217 286 -5.4674690000000004
286 286 65.028080000000003
289 286 -5.9665869999999996
290 286 -5.9665869999999996
82 287 -106.383
284 287 -18.083179999999999
287 287 124.4662
284 288 -17.452010000000001
288 288 17.452010000000001
285 289 -49.01961
286 289 -5.9665869999999996
289 289 59.067830000000001
291 289 -4.0816330000000001
285 290 -49.01961
286 290 -5.9665869999999996
290 290 59.067830000000001
292 290 -4.0816330000000001
289 291 -4.0816330000000001
291 291 4.0816330000000001
290 292 -4.0816330000000001
292 292 4.0816330000000001
293 293 10.79914
294 293 -10.79914
238 294 -40.322580000000002
293 294 -10.79914
294 294 81.42474
419 294 -30.30303
295 295 39.0625
447 295 -39.0625
296 296 507.68579999999997
297 296 -5.6818179999999998
298 296 -500
299 296 -2.0040079999999998
122 297 -5.6211349999999998
203 297 -104.16670000000001
296 297 -5.6818179999999998
297 297 328.23559999999998
456 297 -212.76599999999999
112 298 -3.4152999999999998
296 298 -500
298 298 503.4153
296 299 -2.0040079999999998
299 299 2.0040079999999998
237 300 -58.004640000000002
245 300 -30.102350000000001
300 300 100.90940000000001
372 300 -12.80246
236 301 -62.208399999999997
301 301 5112.3850000000002
302 301 -2000
304 301 -2000
306 301 -500
310 301 -500
323 301 -8.5106380000000001
429 301 -41.666670000000003
301 302 -2000
302 302 2077.7860000000001
303 302 -11.560689999999999
493 302 -66.225170000000006
302 303 -11.560689999999999
303 303 11.560689999999999
301 304 -2000
304 304 2077.7860000000001
305 304 -11.560689999999999
494 304 -66.225170000000006
304 305 -11.560689999999999
305 305 11.560689999999999
48 306 -55.447740000000003
103 306 -55.648299999999999
301 306 -500
306 306 1166.652
310 306 -555.55550000000005
29 307 -4.3878890000000004
307 307 17.597930000000002
434 307 -13.210039999999999
237 308 -24.183800000000002
308 308 57.285420000000002
373 308 -33.101619999999997
243 309 -1.450326
309 309 46.699199999999998
409 309 -45.248869999999997
53 310 -51.282049999999998
271 310 -26.881720000000001
301 310 -500
306 310 -555.55550000000005
310 310 2286.1529999999998
317 310 -370.37040000000002
318 310 -370.37040000000002
319 310 -370.37040000000002
391 310 -41.322319999999998
70 311 -15.01501
311 311 238.11080000000001
317 311 -60.240960000000001
318 311 -60.240960000000001
319 311 -60.240960000000001
320 311 -42.372880000000002
312 312 13.42282
317 312 -13.42282
313 313 13.42282
318 313 -13.42282
314 314 13.42282
319 314 -13.42282
230 315 -55.248620000000003
276 315 -4.6772689999999999
315 315 59.925879999999999
29 316 -3.225806
316 316 9.6608129999999992
428 316 -6.4350069999999997
310 317 -370.37040000000002
311 317 -60.240960000000001
312 317 -13.42282
317 317 444.03410000000002
310 318 -370.37040000000002
311 318 -60.240960000000001
313 318 -13.42282
318 318 444.03410000000002
310 319 -370.37040000000002
311 319 -60.240960000000001
314 319 -13.42282
319 319 444.03410000000002
70 320 -23.25581
311 320 -42.372880000000002
320 320 69.474850000000004
321 320 -3.8461539999999999
320 321 -3.8461539999999999
321 321 13.56433
401 321 -9.7181730000000002
239 322 -4.462294
322 322 16.510490000000001
323 322 -12.04819
301 323 -8.5106380000000001
322 323 -12.04819
323 323 10029.629999999999
340 323 -9.0744089999999993
435 323 -10000
324 324 18.181819999999998
325 324 -18.181819999999998
36 325 -1111.1110000000001
170 325 -166.66669999999999
324 325 -18.181819999999998
325 325 1295.9590000000001
89 326 -4.8100050000000003
97 326 -10.79914
326 326 15.60914
327 327 3.1055899999999999
328 327 -3.1055899999999999
41 328 -1111.1110000000001
42 328 -5.7870369999999998
327 328 -3.1055899999999999
328 328 1120.0039999999999
241 329 -9.3896709999999999
329 329 74.324740000000006
396 329 -64.935069999999996
330 330 4.5871560000000002
331 330 -4.5871560000000002
50 331 -5.0761419999999999
330 331 -4.5871560000000002
331 331 9.6632990000000003
61 332 -18.181819999999998
332 332 23.896100000000001
335 332 -5.7142860000000004
247 333 -78.125
333 333 92.809290000000004
392 333 -14.684290000000001
17 334 -28.818449999999999
107 334 -21.052630000000001
334 334 49.871079999999999
332 335 -5.7142860000000004
335 335 12.23319
434 335 -6.5189050000000002
257 336 -22.271719999999998
263 336 -63.694270000000003
336 336 85.965990000000005
113 337 -37.313429999999997
337 337 81.956299999999999
343 337 -44.642859999999999
338 338 2.1645020000000001
394 338 -2.1645020000000001
146 339 -70.721360000000004
339 339 74.335909999999998
342 339 -3.6145450000000001
138 340 -66.666669999999996
178 340 -14.471780000000001
323 340 -9.0744089999999993
340 340 90.212860000000006
166 341 -8.0710250000000006
341 341 10.469110000000001
423 341 -2.398082
339 342 -3.6145450000000001
342 342 3.6145450000000001
337 343 -44.642859999999999
343 343 63.83672
416 343 -19.193860000000001
169 344 -4.9731449999999997
344 344 4.9731449999999997
223 345 -14.705880000000001
275 345 -9.5419850000000004
345 345 90.858519999999999
348 345 -3.620565
350 345 -12.03369
352 345 -29.069769999999998
353 345 -21.88663
118 346 -10.672359999999999
119 346 -10.162599999999999
346 346 86.783690000000007
347 346 -24.213080000000001
349 346 -3.8109760000000001
351 346 -12.195119999999999
353 346 -21.739129999999999
375 346 -3.9904229999999998
59 347 -13.88889
346 347 -24.213080000000001
347 347 38.101970000000001
345 348 -3.620565
348 348 3.620565
346 349 -3.8109760000000001
349 349 3.8109760000000001
345 350 -12.03369
350 350 12.03369
346 351 -12.195119999999999
351 351 12.195119999999999
345 352 -29.069769999999998
352 352 49.903100000000002
395 352 -20.83333
71 353 -45.682960000000001
345 353 -21.88663
346 353 -21.739129999999999
353 353 10089.309999999999
403 353 -10000
115 354 -3.3806630000000002
354 354 9.4302689999999991
420 354 -6.049607
80 355 -9.6618359999999992
162 355 -1.7721070000000001
355 355 11.43394
356 356 192.30770000000001
385 356 -192.30770000000001
205 357 -53.106749999999998
357 357 141.2346
358 357 -15.78532
359 357 -7.3588930000000001
361 357 -7.8733950000000004
399 357 -57.110219999999998
357 358 -15.78532
358 358 32.048439999999999
360 358 -8.1672650000000004
362 358 -8.0958550000000002
357 359 -7.3588930000000001
359 359 7.3588930000000001
358 360 -8.1672650000000004
360 360 8.1672650000000004
357 361 -7.8733950000000004
361 361 7.8733950000000004
358 362 -8.0958550000000002
362 362 8.0958550000000002
55 363 -18.867930000000001
252 363 -7.5131480000000002
363 363 26.381070000000001
199 364 -42.553190000000001
364 364 42.553190000000001
365 365 21.23142
438 365 -21.23142
366 366 1.169727
367 366 -1.169727
7 367 -3.6036039999999998
221 367 -10.504200000000001
366 367 -1.169727
367 367 30.37397
376 367 -3.522367
426 367 -11.574070000000001
368 368 262.98390000000001
369 368 -188.67920000000001
370 368 -13.69863
371 368 -60.606059999999999
160 369 -19.436350000000001
205 369 -16.871939999999999
368 369 -188.67920000000001
369 369 277.77940000000001
372 369 -26.308859999999999
373 369 -26.483049999999999
368 370 -13.69863
370 370 13.69863
91 371 -23.752970000000001
368 371 -60.606059999999999
371 371 84.359030000000004
270 372 -72.254329999999996
300 372 -12.80246
369 372 -26.308859999999999
372 372 111.3657
308 373 -33.101619999999997
369 373 -26.483049999999999
373 373 108.60429999999999
392 373 -49.01961
191 374 -30.4878
374 374 123.0804
408 374 -92.592590000000001
275 375 -8.3402829999999994
346 375 -3.9904229999999998
375 375 12.33071
32 376 -5
367 376 -3.522367
376 376 8.5223669999999991
59 377 -43.859650000000002
224 377 -24.390239999999999
225 377 -11.11111
271 377 -18.181819999999998
377 377 121.017
395 377 -23.47418
113 378 -46.948360000000001
263 378 -27.624310000000001
378 378 74.572670000000002
379 379 127.6412
380 379 -35.211269999999999
381 379 -84.033619999999999
383 379 -8.3963059999999992
108 380 -19.23077
191 380 -14.16832
379 380 -35.211269999999999
380 380 78.423900000000003
384 380 -9.8135429999999992
379 381 -84.033619999999999
381 381 249.75479999999999
417 381 -153.84610000000001
430 381 -11.875069999999999
382 382 123.4568
384 382 -123.4568
379 383 -8.3963059999999992
383 383 8.3963059999999992
380 384 -9.8135429999999992
382 384 -123.4568
384 384 133.27029999999999
126 385 -6.9881209999999996
255 385 -49.01961
356 385 -192.30770000000001
385 385 248.31540000000001
90 386 -90.090100000000007
231 386 -19.305019999999999
386 386 109.3951
83 387 -4.8804299999999996
92 387 -5.1546390000000004
387 387 10.035069999999999
159 388 -16.463619999999999
388 388 18.112909999999999
389 388 -1.649294
388 389 -1.649294
389 389 1.649294
215 390 -5.7012539999999996
390 390 8.2201459999999997
439 390 -2.5188920000000001
100 391 -344.82760000000002
310 391 -41.322319999999998
391 391 386.1499
159 392 -7.3529410000000004
333 392 -14.684290000000001
373 392 -49.01961
392 392 209.36940000000001
404 392 -138.3126
80 393 -33.33334
393 393 38.33334
439 393 -5
63 394 -3.4662039999999998
276 394 -7.6452600000000004
338 394 -2.1645020000000001
394 394 13.275969999999999
352 395 -20.83333
377 395 -23.47418
395 395 44.307510000000001
81 396 -34.246569999999998
329 396 -64.935069999999996
396 396 133.29310000000001
457 396 -10.58201
465 396 -23.529409999999999
52 397 -4.8192769999999996
150 397 -10.10101
397 397 14.92029
38 398 -8.2372320000000006
223 398 -5.7110219999999998
398 398 13.94825
160 399 -141.84399999999999
236 399 -87.642420000000001
357 399 -57.110219999999998
399 399 286.59660000000002
169 400 -5.2764879999999996
400 400 19.088640000000002
442 400 -13.812150000000001
190 401 -2.74499
321 401 -9.7181730000000002
401 401 12.46316
257 402 -48.154089999999997
402 402 85.607280000000003
403 402 -37.453189999999999
353 403 -10000
402 403 -37.453189999999999
403 403 10037.450000000001
270 404 -73.909829999999999
392 404 -138.3126
404 404 212.22239999999999
405 405 4.235493
406 405 -4.235493
54 406 -7.8064020000000003
405 406 -4.235493
406 406 12.04189
223 407 -7.097232
267 407 -8.2781459999999996
275 407 -6.3938620000000004
407 407 21.76924
374 408 -92.592590000000001
408 408 117.28400000000001
427 408 -24.69136
51 409 -15.17451
309 409 -45.248869999999997
409 409 60.423380000000002
161 410 -2.2099449999999998
410 410 12.37255
418 410 -10.162599999999999
411 411 31.565660000000001
412 411 -31.565660000000001
11 412 -50.301810000000003
411 412 -31.565660000000001
412 412 83.281909999999996
437 412 -1.414447
41 413 -2.5419420000000001
413 413 2.5419420000000001
414 414 119.8663
415 414 -8.3333340000000007
416 414 -34.013599999999997
417 414 -77.519379999999998
414 415 -8.3333340000000007
415 415 8.3333340000000007
113 416 -19.083970000000001
191 416 -36.563070000000003
343 416 -19.193860000000001
414 416 -34.013599999999997
416 416 108.8545
40 417 -84.745760000000004
164 417 -27.359780000000001
381 417 -153.84610000000001
414 417 -77.519379999999998
417 417 343.47109999999998
61 418 -7.5244549999999997
410 418 -10.162599999999999
418 418 17.687059999999999
36 419 -11.792450000000001
294 419 -30.30303
419 419 42.095480000000002
228 420 -4.5146730000000002
354 420 -6.049607
420 420 19.046040000000001
424 420 -8.4817640000000001
79 421 -22.271719999999998
421 421 51.322929999999999
422 421 -6.7795009999999998
435 421 -22.271719999999998
9 422 -10.214499999999999
97 422 -6.7521940000000003
240 422 -4.2372880000000004
269 422 -4.6339199999999998
421 422 -6.7795009999999998
422 422 32.61741
83 423 -3.7707389999999998
166 423 -3.7950659999999998
341 423 -2.398082
423 423 9.9638869999999997
420 424 -8.4817640000000001
424 424 8.4817640000000001
26 425 -30.211480000000002
425 425 30.211480000000002
7 426 -5.7870369999999998
367 426 -11.574070000000001
426 426 17.36111
257 427 -42.01681
408 427 -24.69136
427 427 66.708169999999996
65 428 -5.6433410000000004
316 428 -6.4350069999999997
428 428 12.07835
4 429 -53.504550000000002
103 429 -48.756709999999998
120 429 -76.923069999999996
217 429 -28.73563
301 429 -41.666670000000003
429 429 490.5505
431 429 -240.9639
381 430 -11.875069999999999
430 430 91.875079999999997
431 430 -80
242 431 -38.580249999999999
258 431 -28.66151
278 431 -104.16670000000001
429 431 -240.9639
430 431 -80
431 431 492.3723
4 432 -73.367570000000001
277 432 -81.699349999999995
432 432 155.0669
6 433 -3.7243949999999999
433 433 3.7243949999999999
148 434 -9.803922
307 434 -13.210039999999999
335 434 -6.5189050000000002
434 434 39.502960000000002
437 434 -9.9700900000000008
323 435 -10000
421 435 -22.271719999999998
435 435 10032.620000000001
436 435 -10.344849999999999
11 436 -29.498529999999999
65 436 -6.8119889999999996
222 436 -7.1530760000000004
230 436 -3.7091989999999999
435 436 -10.344849999999999
436 436 57.51764
80 437 -1.9029499999999999
412 437 -1.414447
434 437 -9.9700900000000008
437 437 13.28749
62 438 -8.0840739999999993
128 438 -37.313429999999997
365 438 -21.23142
438 438 66.62894
390 439 -2.5188920000000001
393 439 -5
439 439 7.5188920000000001
72 440 -2.1739130000000002
215 440 -4.593477
440 440 6.7673899999999998
441 441 7.7579520000000004
442 441 -7.7579520000000004
50 442 -4.6061730000000001
400 442 -13.812150000000001
441 442 -7.7579520000000004
442 442 26.176279999999998
148 443 -9.803922
262 443 -4.9043650000000003
443 443 14.70829
32 444 -11.37656
213 444 -8.3125509999999991
444 444 19.689119999999999
445 445 69.858069999999998
446 445 -27.247959999999999
447 445 -26.455030000000001
449 445 -16.155090000000001
445 446 -27.247959999999999
446 446 83.551829999999995
450 446 -39.0625
455 446 -17.241379999999999
295 447 -39.0625
445 447 -26.455030000000001
447 447 82.758899999999997
455 447 -17.241379999999999
448 448 10000
450 448 -10000
220 449 -149.25370000000001
445 449 -16.155090000000001
449 449 185.10319999999999
451 449 -6.6225170000000002
452 449 -6.5359480000000003
453 449 -6.5359480000000003
446 450 -39.0625
448 450 -10000
450 450 10039.059999999999
449 451 -6.6225170000000002
451 451 6.6225170000000002
449 452 -6.5359480000000003
452 452 6.5359480000000003
449 453 -6.5359480000000003
453 453 6.5359480000000003
85 454 -3.039514
224 454 -4.6446820000000004
454 454 73.473669999999998
455 454 -65.789469999999994
49 455 -11.764709999999999
446 455 -17.241379999999999
447 455 -17.241379999999999
454 455 -65.789469999999994
455 455 112.0369
297 456 -212.76599999999999
456 456 10219.709999999999
457 456 -6.944445
458 456 -10000
81 457 -20.618559999999999
211 457 -20.876830000000002
396 457 -10.58201
456 457 -6.944445
457 457 80.496799999999993
459 457 -9.2592590000000001
460 457 -2.2727270000000002
461 457 -2.2727270000000002
462 457 -3.7807189999999999
463 457 -3.8895369999999998
456 458 -10000
458 458 10000
457 459 -9.2592590000000001
459 459 9.2592590000000001
457 460 -2.2727270000000002
460 460 2.2727270000000002
457 461 -2.2727270000000002
461 461 2.2727270000000002
457 462 -3.7807189999999999
462 462 3.7807189999999999
457 463 -3.8895369999999998
463 463 3.8895369999999998
72 464 -2.2256840000000002
176 464 -3.6764700000000001
221 464 -3.6710720000000001
464 464 9.5732269999999993
197 465 -18.315020000000001
211 465 -15.898250000000001
396 465 -23.529409999999999
465 465 57.74268
258 466 -60.06006
466 466 6796.3400000000001
467 466 -69.613650000000007
480 466 -6666.6670000000004
466 467 -69.613650000000007
467 467 313.51609999999999
481 467 -243.9024
468 468 78.336489999999998
472 468 -68.027209999999997
478 468 -10.309279999999999
469 469 56.028910000000003
473 469 -11.976050000000001
478 469 -44.052860000000003
164 470 -34.013599999999997
470 470 69.984830000000002
471 470 -35.971229999999998
470 471 -35.971229999999998
471 471 60.125819999999997
472 471 -24.154589999999999
468 472 -68.027209999999997
471 472 -24.154589999999999
472 472 92.181790000000007
142 473 -188.67920000000001
231 473 -65.789469999999994
469 473 -11.976050000000001
473 473 418.9939
474 473 -33.898299999999999
475 473 -29.76191
476 473 -44.44444
477 473 -44.44444
473 474 -33.898299999999999
474 474 33.898299999999999
473 475 -29.76191
475 475 29.76191
473 476 -44.44444
476 476 44.44444
473 477 -44.44444
477 477 44.44444
142 478 -12.18027
468 478 -10.309279999999999
469 478 -44.052860000000003
478 478 66.542410000000004
278 479 -18.28154
479 479 18.28154
242 480 -72.516310000000004
466 480 -6666.6670000000004
480 480 6841.9049999999997
481 480 -32.051279999999998
483 480 -70.671379999999999
467 481 -243.9024
480 481 -32.051279999999998
481 481 662.70500000000004
482 481 -265.60419999999999
483 481 -32.25806
486 481 -88.888890000000004
481 482 -265.60419999999999
482 482 318.88080000000002
486 482 -53.276499999999999
480 483 -70.671379999999999
481 483 -32.25806
483 483 204.97030000000001
484 483 -51.020409999999998
485 483 -51.020409999999998
483 484 -51.020409999999998
484 484 51.020409999999998
483 485 -51.020409999999998
485 485 51.020409999999998
481 486 -88.888890000000004
482 486 -53.276499999999999
486 486 142.16540000000001
142 487 -22.62444
487 487 22.62444
488 488 162.3038
490 488 -72.167850000000001
493 488 -45.413260000000001
494 488 -44.722720000000002
489 489 64.799750000000003
490 489 -44.052860000000003
491 489 -20.74689
488 490 -72.167850000000001
489 490 -44.052860000000003
490 490 170.2748
492 490 -54.054049999999997
489 491 -20.74689
491 491 20.74689
490 492 -54.054049999999997
492 492 54.054049999999997
302 493 -66.225170000000006
488 493 -45.413260000000001
493 493 111.6384
304 494 -66.225170000000006
488 494 -44.722720000000002
494 494 110.9479


