# Created by Octave 5.2.0, Sun Feb 07 18:58:50 2021 -03 <kuroneko@kuroneko-VirtualBox>
# name: BJ
# type: sparse matrix
# nnz: 258
# rows: 48
# columns: 48
2 1 0.13207322956745074
8 1 -0.18482210849341224
45 1 -0.045925349262705452
48 1 -0.18024721814424505
1 2 0.18490592451273483
3 2 0.096701731549847375
42 2 -0.078230722802334077
43 2 -0.18369542074999201
46 2 -0.16674030177602725
48 2 -0.21486964419842147
2 3 0.039524398685841601
4 3 -0.11676129247604947
46 3 -0.095223518912036773
3 4 -0.13157090862697235
5 4 -0.17048409548561935
37 4 0.031617485069436103
44 4 -0.0012218420304662006
46 4 -0.046980820883794384
4 5 -0.20826155096544705
6 5 0.089873286384471229
44 5 -0.15024227412698787
5 6 0.13056415797472851
7 6 0.097733134736511254
41 6 -0.17720290346270148
44 6 -0.13472385863023917
47 6 -0.16301764656489606
6 7 0.0491481670933221
8 7 -0.12912023750556431
47 7 -0.075422194052546451
1 8 -0.11034446534365466
7 8 -0.13396114326612385
35 8 0.024428131784031672
45 8 -0.010531142165452161
47 8 -0.012276577783114731
10 9 -0.14989014664034553
15 9 0.084931276029413083
18 9 -0.15631628341424147
23 9 -0.00054469359909494136
30 9 0.025708422172845316
31 9 -0.25282250130953599
9 10 -0.098646981730000596
11 10 -0.091539552914385799
21 10 -0.046614327552964067
23 10 0.033665571096568196
10 11 -0.20466341919138814
12 11 0.1113537538614944
21 11 -0.019268808050162099
24 11 0.025224563660188454
25 11 -0.28902846863803283
27 11 -0.24420154247007933
11 12 0.1085297473495118
13 12 -0.20721732454978736
27 12 -0.16674948332644648
34 12 0.010650201020352124
36 12 -0.052402086462720841
38 12 -0.33339428147373945
12 13 -0.099142565821522005
14 13 -0.11373850899240386
19 13 -0.095987277365894255
34 13 0.038336563657641272
13 14 -0.12215268801286883
15 14 0.02421517398794831
16 14 -0.08319877354733704
17 14 -0.1702900104219438
19 14 0.035846923348708641
9 15 0.078981026300852075
14 15 0.030558148868055145
16 15 -0.29893595664754319
18 15 -0.17153022382036404
14 16 -0.11165214481363867
15 16 -0.31789877432544666
17 16 0.024397188195781773
18 16 0.028419676669800307
20 16 -0.17010625435863447
14 17 -0.24559711061129325
16 17 0.026219458097019515
19 17 -0.2585715390834154
20 17 -0.16926247503012365
22 17 -0.081884724539593334
9 18 -0.17807692203988279
15 18 -0.21013043058454173
16 18 0.032738345779186662
20 18 -0.088517482361423344
31 18 0.061862596603319692
40 18 -0.183831418613709
13 19 -0.11673050505166535
14 19 0.040590750477475908
17 19 -0.20301205771818998
22 19 -0.035625521014681048
34 19 -0.11933017864106923
16 20 -0.21772577084545097
17 20 -0.20158875695594408
18 20 -0.098351504877896567
22 20 0.098064286852509244
40 20 0.033157869273911428
42 20 -0.059029670833530883
43 20 -0.15793280467749723
10 21 -0.076976411130720929
11 21 -0.014231859499160889
23 21 -0.23958011715536387
24 21 -0.34890269543526142
28 21 0.045784944880405722
17 22 -0.083242647978623255
19 22 -0.046127838678691226
20 22 0.083704392532168978
34 22 -0.15853284918235711
37 22 -0.076020215560725427
43 22 -0.24565505917961142
46 22 0.00047325096309970349
9 23 -0.00059413417687802976
10 23 0.055796573882291006
21 23 -0.24045515032457856
28 23 -0.096231283540901005
30 23 -0.31278742736646586
33 23 0.035866703038743689
11 24 0.01802733932622021
21 24 -0.33760237908241381
25 24 -0.098276098893322825
26 24 -0.11690560697715009
28 24 -0.0010809330746563007
11 25 -0.29268337534557615
24 25 -0.13925069474898621
26 25 -0.10422788914818729
27 25 0.026723812513268667
29 25 -0.21373786619181506
24 26 -0.16465987009918098
25 26 -0.10360647734372117
28 26 -0.28893388025140554
29 26 0.090141787888247671
35 26 0.0078266727966849834
41 26 -0.16365707553382833
47 26 -0.090833389886406629
11 27 -0.24568530969230842
12 27 -0.17212793306664415
25 27 0.026550442881459212
29 27 -0.22259284948150834
38 27 -0.069605617778787265
21 28 0.045601524141210555
23 28 -0.09549697840611604
24 28 -0.001112639040562767
26 28 -0.2111550786645883
33 28 -0.25560675277304445
35 28 0.012791053384928081
25 29 -0.25609913334856516
26 29 0.10865503141938286
27 29 -0.26845067161767133
38 29 -0.099388938649012409
39 29 0.045133716613307964
41 29 -0.21366966526915948
9 30 0.025770793887321234
23 30 -0.28745469001134727
31 30 -0.072910993859242448
32 30 -0.17967739125939239
33 30 0.02737985091612033
9 31 -0.28052511888097287
18 31 0.060253288742086644
30 31 -0.080704300038428101
32 31 -0.039804518103089777
40 31 -0.25118698074985912
30 32 -0.21602745246381785
31 32 -0.043235872181233988
33 32 -0.22339363720898794
40 32 0.060954343028658375
42 32 -0.18925475873157108
45 32 -0.02922844708221696
23 33 0.03392991664708149
28 33 -0.24366340391444147
30 33 0.028183978834065405
32 33 -0.19126104019270801
35 33 -0.062149600591397632
45 33 -0.051985856595580783
12 34 0.008262645110700113
13 34 0.062164205043146521
19 34 -0.15911341683114516
22 34 -0.16325778293178905
36 34 -0.30597575826474549
37 34 0.010633057316863483
8 35 0.045679541626157685
26 35 0.0056339132954896674
28 35 0.012599004500478919
33 35 -0.064217039149656194
45 35 -0.23508785641168842
47 35 -0.27024572943104619
12 36 -0.047738040163207505
34 36 -0.35928718835180995
37 36 -0.025003739626120968
38 36 0.051012879152325781
39 36 -0.27599772983029347
4 37 0.057006477181064712
22 37 -0.078121158529021822
34 37 0.010610677232873459
36 37 -0.021248838968191134
39 37 0.022911250200234684
44 37 -0.2692325952443913
46 37 -0.2742730216139293
12 38 -0.32610565481360099
27 38 -0.065956502631576402
29 38 -0.078090480249000171
36 38 0.054772682731062089
39 38 -0.19869138311543619
29 39 0.036778829152089569
36 39 -0.30734520930302339
37 39 0.030021990877516395
38 39 -0.20607048529528257
41 39 -0.10677863326122636
44 39 -0.14074421544078264
18 40 -0.18895420883885156
20 40 0.030674076052665516
31 40 -0.26508267568564381
32 40 0.059221175120975605
42 40 -0.1540857431056219
6 41 -0.22988764591107216
26 41 -0.15665023739326162
29 41 -0.16967406579502969
39 41 -0.10405432900913808
44 41 0.034737598646866964
47 41 0.088216008627579126
2 42 -0.081247103021605094
20 42 -0.064757335880545011
32 42 -0.21804840367097431
40 42 -0.18272425262571537
43 42 0.04883698867142551
45 42 0.090899096763929335
48 42 -0.14045776064760113
2 43 -0.13920161272808482
20 43 -0.12641725474894866
22 43 -0.23036810257351531
42 43 0.035633975099011519
46 43 0.035313284323957701
4 44 -0.0024878334714917554
5 44 -0.25042239578812997
6 44 -0.15457248215700012
37 44 -0.30404439520734183
39 44 -0.12129676497941075
41 44 0.03072151732486899
1 45 -0.063523962592384353
8 45 -0.02439854650449149
32 45 -0.03203541747344766
33 45 -0.066550931167527125
35 45 -0.29126425668217132
42 45 0.086472519087098576
48 45 -0.24325195179741951
2 46 -0.11044053210037667
3 46 -0.1543125020112289
4 46 -0.067564179505089569
22 46 0.00038790922651195186
37 46 -0.21876715334329408
43 46 0.030865980796861581
6 47 -0.16777513532634905
7 47 -0.15435711163259361
8 47 -0.024216996115140867
26 47 -0.068974724188686845
35 47 -0.28508233609870365
41 47 0.069983487862789268
1 48 -0.2879252501999221
2 48 -0.24516034175289381
42 48 -0.15430867843330773
45 48 -0.28091983345517352


# name: BGS
# type: sparse matrix
# nnz: 1140
# rows: 48
# columns: 48
1 2 0.18490592451273483
2 2 0.024421122616552146
3 2 0.002361564843411732
4 2 -0.00027573936338275319
5 2 4.7009175956089187e-05
6 2 4.2248691333996036e-06
7 2 4.1290970425867099e-07
8 2 -0.034174756156366455
35 2 -0.00083482544707486734
37 2 -8.7181852048100133e-06
39 2 -1.9974452251938647e-07
41 2 -7.2733063007232099e-07
42 2 -0.0019104820739373023
43 2 -0.0045793505856365282
44 2 -4.9449794335910921e-06
45 2 -0.008109373718512258
46 2 -0.004443228153930741
47 2 0.00064437303108080888
48 2 -0.036335173420609386
2 3 0.039524398685841601
3 3 0.0038220777913873941
4 3 -0.00044627074286639678
5 3 7.6082063939273073e-05
6 3 6.8377451211359415e-06
7 3 6.682742652179014e-07
8 3 -8.6287731843791883e-08
35 3 -2.1078480848253342e-09
37 3 -1.4109958549504458e-05
39 3 -3.2327679064263709e-07
41 3 -1.1771492347333137e-06
42 3 -0.0030920222775210112
43 3 -0.0074114561034251914
44 3 -8.003208603279818e-06
45 3 -0.00028106062796274845
46 3 -0.0071911485710769787
47 3 -1.267290280822029e-06
48 3 -0.0079899264114848979
3 4 -0.13157090862697235
4 4 0.015362389343533499
5 4 -0.0026190430517302266
6 4 -0.00023538200624141018
7 4 -2.3004621330542076e-05
8 4 2.9703621699251631e-06
35 4 7.256039853323417e-08
37 4 0.00048572011570003471
39 4 1.1128455098090432e-05
41 4 4.0522093703170585e-05
44 4 0.00027550183050630651
45 4 -4.8339374845918709e-08
46 4 0.011673687320026991
47 4 4.3625102062969794e-05
48 4 1.1758647279936812e-08
4 5 -0.20826155096544705
5 5 0.035505282140776452
6 5 0.0031909763899994541
7 5 0.00031186412546484296
8 5 -4.0267969949485624e-05
35 5 -9.8367127660146199e-07
37 5 -0.0065847064781876276
39 5 -0.00015086385761686288
41 5 -0.00054934124466398814
44 5 -0.0037348642344632809
45 5 6.5531688808217539e-07
46 5 0.011590305965102217
47 5 -0.00059140744408254099
48 5 -1.5940711207180028e-07
5 6 0.13056415797472851
6 6 0.011734229961210119
7 6 0.001146823077828156
8 6 -0.00014807806818603375
35 6 -3.6172705639732596e-06
41 6 -0.0020793396190254563
44 6 -0.021269368017163538
45 6 2.4098075705982131e-06
47 6 -0.0021800180631751064
48 6 -5.8619039500421313e-07
6 7 0.0491481670933221
7 7 0.0048034044365842174
8 7 -0.00062021672168703537
35 7 -1.5150735812030996e-05
41 7 -0.0087091979088066793
44 7 -0.0069239673369083602
45 7 1.0093344474587015e-05
47 7 -0.009130883951446022
48 7 -2.4552257436069907e-06
1 8 -0.11034446534365466
2 8 -0.014573549902830114
3 8 -0.0014092875104317821
4 8 0.00016455023118836892
5 8 -2.8053197326098628e-05
6 8 -2.5212330372885447e-06
7 8 -0.13396138967413199
8 8 0.037691223196691881
35 8 0.00092072616735014076
37 8 5.202664477770512e-06
39 8 1.1919954755807353e-07
41 8 4.3404184974000808e-07
42 8 0.0011400993426942854
43 8 0.0027327733999048432
44 8 2.9509660827411578e-06
45 8 0.0045578589396872531
46 8 0.0026515409732671621
47 8 0.0093925696744502005
48 8 0.021751852514449974
9 10 -0.098646981730000596
10 10 0.014786210557137275
11 10 -0.0013535231036983174
12 10 -0.00015071987853506843
13 10 3.1231769986505802e-05
14 10 -3.5522549514588793e-06
15 10 -0.0083783000532508482
16 10 0.0025048706847539933
17 10 6.1716715034745284e-05
18 10 0.016928448852394928
19 10 -1.9083375972989209e-05
20 10 -0.0019350041664718846
21 10 -0.00066316848530086981
22 10 -0.00019412860464005133
23 10 0.00071040058568062675
24 10 0.00019723924235441891
25 10 0.00037182280664085497
26 10 -6.1812679620487461e-05
27 10 0.00036560141453759323
28 10 -8.1079317783373618e-05
29 10 -0.00016642477938441544
30 10 -0.0027582626239864875
31 10 0.02618852213933014
32 10 -0.00054682407090195565
33 10 9.2840346660774995e-05
34 10 3.2645105199381131e-05
35 10 -7.2908679639906168e-06
36 10 -2.0905747103675889e-06
37 10 1.5157087831666586e-05
38 10 4.1235369241174949e-05
39 10 -1.4780219672252942e-05
40 10 -0.0097876884911349861
41 10 4.7254220937064066e-05
42 10 0.0017258549710583888
43 10 0.00043757486860495661
44 10 -3.5905351017100759e-07
45 10 0.00016974908600762934
46 10 1.1203153920495247e-05
47 10 1.1753559920878946e-05
48 10 -0.00028370152092457558
10 11 -0.20466341919138814
11 11 0.018734797890709198
12 11 0.0020861900729668768
13 11 -0.00043229472542252186
14 11 4.9168557514838258e-05
15 11 1.1906251749582517e-06
16 11 -4.4466843580110389e-06
17 11 -8.4814007667633853e-06
18 11 -3.3060153445408125e-07
19 11 4.5450384075190949e-05
20 11 2.2212557214558443e-06
21 11 0.0091792504358823024
22 11 -7.0687058925810131e-07
23 11 -0.0090892767844815234
24 11 -0.0027300881170996744
25 11 -0.005146587534811153
26 11 0.00085558056350038155
27 11 -0.0050604740999277819
28 11 0.0010506890771421319
29 11 0.0023035695491665847
30 11 0.0028430115020397191
31 11 -0.00020730724603633597
32 11 -0.00050257312497918832
33 11 -0.00040445274501710207
34 11 3.341091412577927e-07
35 11 4.5272345759313951e-05
36 11 -0.0001094229418791197
37 11 2.7932718040876965e-06
38 11 -0.00057781772632183655
39 11 0.00024904053936180236
40 11 2.1573293618379713e-05
41 11 -0.000658816955820402
42 11 9.1659098540409581e-05
43 11 4.299191547492123e-06
44 11 -5.8688774135503535e-05
45 11 3.3404004938780004e-05
46 11 -6.1463505160353236e-07
47 11 -0.00014806814326508996
48 11 -2.099982112317261e-05
11 12 0.1085297473495118
12 12 0.012085194773007714
13 12 -0.002504261727525733
14 12 0.00028483099501551841
15 12 6.8972321014612155e-06
16 12 -2.5759420130029252e-05
17 12 -4.913233053041178e-05
18 12 -1.9151581574016186e-06
19 12 0.00026329180220646735
20 12 1.2867623320762424e-05
21 12 -0.0020912388694103315
22 12 -4.0948659765914439e-06
23 12 0.00050101925333317769
24 12 0.0034672543993781823
25 12 -0.031708934914343595
26 12 0.0028996138731557895
27 12 -0.029365715322583648
28 12 -0.00098550553975491396
29 12 0.013575374717235458
30 12 -0.00015671252331115229
31 12 1.130758916828292e-05
32 12 2.7707604228473344e-05
33 12 0.00025939131162070004
34 12 1.9354775482180706e-06
35 12 -6.0323913623339341e-06
36 12 -0.00063388163062439243
37 12 1.6181283883851762e-05
38 12 -0.0033666942832012541
39 12 0.0014569608835403409
40 12 -3.7269115721559694e-07
41 12 -0.003530760390252611
42 12 -5.9459411284155936e-06
43 12 -1.3166771562988268e-06
44 12 -0.00033206548289108106
45 12 -1.3416868495597269e-05
46 12 -4.4865237184672285e-06
47 12 -0.00057322111850490517
48 12 4.0988330244030682e-06
12 13 -0.099142565821522005
13 13 0.020544057238536983
14 13 -0.0023366504389657986
15 13 -5.6582396928572599e-05
16 13 0.00021132096368605503
17 13 0.00040306386492468808
18 13 1.5711264670959031e-05
19 13 -0.0021599506934570764
20 13 -0.00010556132656583922
22 13 3.3592799060324181e-05
27 13 0.016531971626397007
29 13 -0.0036798986718671561
31 13 9.7193962846752696e-07
32 13 -3.8687588536446033e-08
33 13 8.6425611180014245e-09
34 13 -1.5877957602211706e-05
35 13 -5.3713172157053143e-10
36 13 0.0052001355764324207
37 13 -0.00013274539903275771
38 13 0.03253386150844155
39 13 -0.0080685524219753051
40 13 -6.6349094966171164e-06
41 13 0.0016478317174573607
42 13 7.2609171303915159e-06
43 13 8.7739566564885429e-06
44 13 0.0012285831855006941
45 13 6.6081856916674236e-07
46 13 3.673421674862641e-05
47 13 0.00014536528216157099
48 13 -1.1805975671163863e-06
13 14 -0.12215268801286883
14 14 0.013893464603997985
15 14 0.00033643266268121254
16 14 -0.0012564910352420595
17 14 -0.002396573080464837
18 14 -9.3417438890271406e-05
19 14 0.012842827495929974
20 14 0.00062765595132949464
22 14 -0.00019973906105544891
31 14 -5.7790453377841286e-06
32 14 2.3003211476640493e-07
33 14 -5.1387710792542534e-08
34 14 -0.0061837859968609703
35 14 3.1937257010627713e-09
36 14 0.0018920886093364503
37 14 -9.7877635399906272e-05
38 14 9.6520887573572464e-05
39 14 -0.00054363252845979454
40 14 3.9450436704079586e-05
41 14 5.8048338385281612e-05
42 14 -4.3172608731456781e-05
43 14 -5.2168974105467498e-05
44 14 0.00010488144338220923
45 14 -3.9291539920906033e-06
46 14 2.490841029107011e-05
47 14 5.1199296290809489e-06
48 14 7.0197023212241513e-06
9 15 0.078981026300852075
10 15 -0.011838477614039705
11 15 0.0010836889479761591
12 15 0.00012067283237535908
13 15 -2.5005501470666867e-05
14 15 0.030560992956509027
15 15 0.0074479991075303313
16 15 -0.0047691118706899849
17 15 -0.0053205847289048338
18 15 -0.013759114062887318
19 15 0.0024736695641543807
20 15 0.0029297532331327251
21 15 0.00053096127890464465
22 15 0.00063485300933577434
23 15 -0.00056877733467154473
24 15 -0.00015791824052551682
25 15 -0.00029769736849056486
26 15 4.9489896084140788e-05
27 15 -0.00029271625376492096
28 15 6.4915597193140165e-05
29 15 0.00013324685304260593
30 15 0.0022083839670431721
31 15 -0.020980370618127065
32 15 0.00043831687198138652
33 15 -7.4445009259489764e-05
34 15 -0.00039550192244794066
35 15 5.8444076841046414e-06
36 15 0.0001146904924203382
37 15 -5.5334748439469182e-05
38 15 -2.7249507638450335e-05
39 15 -2.1493935740657142e-05
40 15 0.0079232150993078388
41 15 -3.4275089067594039e-05
42 15 -0.0014767504091926439
43 15 -0.00069077904170461468
44 15 1.6732430764491506e-05
45 15 -0.00014455046153815683
46 15 -8.9164032519113252e-06
47 15 -9.0983727970296998e-06
48 15 0.00024258323741300185
14 16 -0.11165214481363867
15 16 -0.32060245043823654
16 16 0.1051289217377252
17 16 0.021578094992401799
18 16 0.057980740045458778
19 16 -0.0095818671095268936
20 16 -0.026667758000691669
22 16 -0.0040407120267647954
31 16 0.0035868391321941602
32 16 -0.00014277240317029326
33 16 3.1894446437279861e-05
34 16 0.0017839915042232697
35 16 -1.9822271071606678e-06
36 16 -0.00054585815324257876
37 16 0.00033979357834715165
38 16 -2.7845796005675398e-05
39 16 0.00016397342651657074
40 16 -0.012452597618533774
41 16 -1.7508858374599561e-05
42 16 0.0035199770910116835
43 16 0.0053762402488900891
44 16 -0.00011517003390897532
45 16 0.000322943691236409
46 16 9.4744218186403162e-05
47 16 -1.0088731909601086e-06
48 16 -0.00057296478294827796
14 17 -0.24559711061129325
15 17 -0.005947176764389852
16 17 0.048430661462063714
17 17 0.043004306487732576
18 17 0.002396504301151469
19 17 -0.019923590514495264
20 17 -0.015729506297696594
22 17 -0.0043541103158278478
31 17 0.00014825397884025391
32 17 -5.9011781846019753e-06
33 17 1.3182856584765676e-06
34 17 0.003067755129288714
35 17 -8.1930927139686302e-08
36 17 -0.00093865870185467636
37 17 0.00038708999868720712
38 17 -4.7883682922991604e-05
39 17 0.00027745046179590229
40 17 -0.00099970887072509443
41 17 -2.9625781108262549e-05
42 17 0.001083665289415498
43 17 0.0036067372225596262
44 17 -0.00014429592100259067
45 17 9.8627407033423733e-05
46 17 1.9136806545169483e-05
47 17 -2.5913266786774333e-06
48 17 -0.00017620050910443428
9 18 -0.17807692203988279
10 18 0.02669197595781941
11 18 -0.0024433715455803233
12 18 -0.00027207859367873056
13 18 5.6379398249375226e-05
14 18 -6.4125086947728833e-06
15 18 -0.22525488608479302
16 18 0.10007566415333641
17 18 0.0024426567983392641
18 18 0.069318461659630612
19 18 -0.0006372431014442907
20 18 -0.023572842224190135
21 18 -0.0011971476530266208
22 18 -0.0024889681233767344
23 18 0.0012824107488618982
24 18 0.00035605506187800107
25 18 0.00067121223366023366
26 18 -0.00011158386741098046
27 18 0.00065998141506727961
28 18 -0.00014636388360542919
29 18 -0.00030042898367695515
30 18 -0.0049791986500057851
31 18 0.049673111208633339
32 18 -0.0010825648303455096
33 18 0.00018891582076126654
34 18 0.00046988924193006791
35 18 -1.4486521474145647e-05
36 18 -0.00012951723110939063
37 18 0.00019744666762864889
38 18 6.80233040939565e-05
39 18 1.3195090777129886e-05
40 18 -0.026067762220862361
41 18 8.1045096037704557e-05
42 18 0.0056130481757852577
43 18 0.0046084770685037475
44 18 -5.2200899428660377e-05
45 18 0.00053544735264161121
46 18 0.0001074082603208887
47 18 2.1199936387558826e-05
48 18 -0.00091864479079273287
13 19 -0.11673050505166535
14 19 0.053867504075982592
15 19 0.0013044109834964334
16 19 -0.0048716456183910007
17 19 -0.21230401000366819
18 19 -0.00036219650127740599
19 19 0.068031402275282427
20 19 0.03679586030316135
22 19 0.018569161026139216
31 19 -2.2406416049657933e-05
32 19 8.9187659327397058e-07
33 19 -1.9923955611303346e-07
34 19 -0.015537067828813509
35 19 1.2382658834432385e-08
36 19 0.0047539661101319965
37 19 -0.0016957050875578382
38 19 0.00024251349867041578
39 19 -0.001399119920088419
40 19 0.0012923379861488229
41 19 0.00014939611283559763
42 19 -0.0023713471725610429
43 19 -0.010488691223993997
44 19 0.00065864677915981472
45 19 -0.00021557193764103663
46 19 0.00010348389609107465
47 19 1.317578241816286e-05
48 19 0.00038551240815987836
16 20 -0.21772577084545097
17 20 -0.2069006535623322
18 20 -0.10453920088800732
19 20 0.053498620428976768
20 20 0.081310578933858041
22 20 0.023009750734377898
31 20 -0.0064670664137681955
32 20 0.00025741846214072004
33 20 -5.7505646542359627e-05
34 20 -0.010031801275737315
35 20 3.5739529643577372e-06
36 20 0.0030694880021049659
37 20 -0.0019326236075724022
38 20 0.00015658342051089451
39 20 -0.00092256231973252088
40 20 0.023553808806887302
41 20 9.8509943599345092e-05
42 20 -0.0084777605116719383
43 20 -0.018908097753404511
44 20 0.00065359257826675754
45 20 -0.00077599542763727187
46 20 -0.00012675112880413552
47 20 7.7243085086570543e-06
48 20 0.0013795296591347407
10 21 -0.076976411130720929
11 21 -0.0071854732393007454
12 21 -0.00080012941846745026
13 21 0.00016580067738840222
14 21 -1.8857921836087437e-05
15 21 -4.5664785831198687e-07
16 21 1.7054644327895662e-06
17 21 3.2529242427315102e-06
18 21 1.2679765709506883e-07
19 21 -1.7431867714472716e-05
20 21 -8.5193198438931501e-07
21 21 0.0037266591468967168
22 21 2.7111046152687178e-07
23 21 -0.0034842882766915723
24 21 -0.0014814918484740583
25 21 0.0022224015662049472
26 21 -5.844152030760728e-05
27 21 0.0019475158583229125
28 21 0.00052440954549038766
29 21 -0.000913782496023951
30 21 0.0010898415662694938
31 21 -7.9453587713511104e-05
32 21 -0.00019265727774285494
33 21 -0.00018613444435105038
34 21 -1.2814295128874675e-07
35 21 1.7818529207464462e-05
36 21 4.196765960458471e-05
37 21 -1.0713208605425569e-06
38 21 0.00022416129168698548
39 21 -9.7388841385412592e-05
40 21 8.1628513704461431e-06
41 21 0.00021521101573557727
42 21 3.5253816862440417e-05
43 21 1.7896386059539867e-06
44 21 2.1471264458107111e-05
45 21 1.432305185352776e-05
46 21 3.5716072975525068e-07
47 21 1.9478116797475383e-05
48 21 -8.4357824898452949e-06
17 22 -0.083242647978623255
19 22 -0.024603659073479656
20 22 0.097794249157092075
22 22 0.017282942774903033
34 22 0.00019604487210128012
36 22 -5.998497839510426e-05
37 22 -0.001310268630128811
38 22 -3.0600064538243197e-06
39 22 -1.2856177638779527e-05
40 22 0.0032426489292911817
41 22 1.3727650772324157e-06
42 22 -0.0062724083070559312
43 22 -0.019996887914310403
44 22 0.00035462414295451996
45 22 -0.0005701562496459511
46 22 -0.00033860528288756414
47 22 1.2109985589677347e-07
48 22 0.0010197000452323612
9 23 -0.00059413417687802976
10 23 0.055885628741187292
11 23 -0.0051157454693076341
12 23 -0.00056965746180733759
13 23 0.00011804289514553916
14 23 -1.3426022891000291e-05
15 23 -5.0785687255207824e-05
16 23 1.629869664178819e-05
17 23 2.6839599473493584e-06
18 23 0.00010204733036940873
19 23 -1.2505893385284101e-05
20 23 -1.2259776706236795e-05
21 23 -0.24296164701074205
22 23 -9.7649261302731986e-07
23 23 0.06009052508383974
24 23 0.084640931082178558
25 23 -0.006839584434519163
26 23 -0.0091821239750124843
27 23 0.0011614832498219119
28 23 -0.014345038446730636
29 23 0.00037564724475080676
30 23 -0.018810835002320815
31 23 0.0015280400768863099
32 23 0.0033190588617252026
33 23 0.004565443225194755
34 23 1.0552913096839215e-07
35 23 -0.00053909410548055284
36 23 2.9818950211895118e-05
37 23 -6.7022999078851155e-07
38 23 7.3260750563243935e-05
39 23 -5.8472419377493079e-06
40 23 -0.00020067873456885131
41 23 0.0014230794963968675
42 23 -0.00059650226156668709
43 23 -2.6955272920034481e-05
44 23 5.0437777627271527e-05
45 23 -0.00026183645223539192
46 23 -7.6851533797478921e-07
47 23 0.0011052697199070772
48 23 0.00014747559993885738
11 24 0.01802733932622021
12 24 0.0020074119061095639
13 24 -0.00041597052445341276
14 24 4.7311867236119433e-05
15 24 1.1456650968173431e-06
16 24 -4.2787698199943679e-06
17 24 -8.1611283172652338e-06
18 24 -3.1811744530899745e-07
19 24 4.3734098494696189e-05
20 24 2.1373772407147523e-06
21 24 -0.33794974442354586
22 24 -6.8017792594391524e-07
23 24 0.080966039361618392
24 24 0.11836630851949091
25 24 -0.016842993320774664
26 24 -0.012082175502354339
27 24 -0.0051871479639282406
28 24 -0.019901472519800872
29 24 0.0036654985972765543
30 24 -0.025325159155972627
31 24 0.0018464628441342663
32 24 0.0044768609666680529
33 24 0.0062974343194542063
34 24 3.2149259877701948e-07
35 24 -0.00074050705947314153
36 24 -0.00010529094121193591
37 24 2.6877930008321022e-06
38 24 -0.00067788622078266347
39 24 0.00032924936718227893
40 24 -0.00019079395697459481
41 24 0.0011589708530472718
42 24 -0.00081799478215602436
43 24 -4.0118874743068444e-05
44 24 -6.8037210169646009e-06
45 24 -0.00035849998089626138
46 24 -2.1542402332287448e-06
47 24 0.0013998236112890317
48 24 0.00020209953539541064
11 25 -0.29268337534557615
12 25 -0.03259139253758267
13 25 0.006753501164989786
14 25 -0.0007681331529844007
15 25 -1.8600477945428577e-05
16 25 6.946808791806937e-05
17 25 0.00013250022864169241
18 25 5.1648047426459013e-06
19 25 -0.00071004618782018495
20 25 -3.4701448387856574e-05
21 25 0.0056396597790074523
22 25 1.1043047872919739e-05
23 25 -0.0013511503505709984
24 25 -0.14860119768090307
25 25 0.099197773770897085
26 25 0.0070331386440774177
27 25 0.079559272289257299
28 25 -0.0014832496446542873
29 25 -0.038277665926467863
30 25 0.00042262284214040108
31 25 -3.0494343215745161e-05
32 25 -7.4721957125844325e-05
33 25 0.00035893107703049759
34 25 -5.219602141832436e-06
35 25 1.3766326435680424e-05
36 25 0.0017094540414180691
37 25 -4.3637738962929709e-05
38 25 0.0092195923623958845
39 25 -0.0040322721146251843
40 25 1.0050747239282168e-06
41 25 0.0074583136688164686
42 25 1.6035033357871242e-05
43 25 3.5508192339645111e-06
44 25 0.00083835158373804248
45 25 -1.8254058852090077e-05
46 25 1.2099271743996009e-05
47 25 1.5378547443671911e-05
48 25 2.188090566639693e-06
24 26 -0.16465987009918098
25 26 -0.087424347666092361
26 26 0.028361717276117498
27 26 -0.00233631187612347
28 26 -0.0080166747235231386
29 26 0.021762515743996021
33 26 0.002049116194117493
35 26 -7.9155863156957076e-06
38 26 -0.0020003329106666958
39 26 0.0013796721310938614
41 26 -0.009438904665467894
44 26 -0.00052206575359138206
45 26 -0.00010466420239587569
47 26 -0.0034067142651956687
48 26 2.5459771516116911e-05
11 27 -0.24568530969230842
12 27 -0.19948591456950648
13 27 0.041336937502460584
14 27 -0.0047016016378420497
15 27 -0.00011385010168236797
16 27 0.0004252013790374484
17 27 0.00081100950997343329
18 27 3.1612819135345269e-05
19 27 -0.0043460620162383235
20 27 -0.00021240117802746514
21 27 0.0047340630732057203
22 27 6.7592463317544106e-05
23 27 -0.001134187385699508
24 27 -0.0078490321013087606
25 27 0.098331863963693034
26 27 -0.0093313267549557932
27 27 0.095888707071115672
28 27 0.0030305138503743285
29 27 -0.043202525799382038
30 27 0.00035475955452444672
31 27 -2.3910220623775952e-05
32 27 -6.2790536471628812e-05
33 27 -0.00079155909664244183
34 27 -3.1948223929115451e-05
35 27 1.4925304874725987e-05
36 27 0.010463253525408145
37 27 -0.00026709856771928793
38 27 0.064660684332127169
39 27 -0.017691365141313999
40 27 -1.0675619654184455e-05
41 27 0.012647266664217631
42 27 2.606634024170748e-05
43 27 1.8213684749404751e-05
44 27 0.0030012046208252661
45 27 4.1845796412128686e-05
46 27 7.393310446362781e-05
47 27 0.0019592539265534232
48 27 -1.384029143039644e-05
21 28 0.045601524141210555
23 28 -0.10642219690233042
24 28 -0.017023133729387272
25 28 0.0016729671738635232
26 28 -0.20933934872044707
27 28 4.4708061095181743e-05
28 28 0.072832639057804849
29 28 -0.019237751297686963
30 28 0.033287525183767402
31 28 -0.0024270265442630432
32 28 -0.005884409064482855
33 28 -0.020207580677844783
35 28 0.00054906865649400271
38 28 0.0019089077512585467
39 28 -0.0012475547366844382
40 28 0.00025095718121576343
41 28 0.038503601675754486
42 28 0.0010749834940212495
43 28 5.2498956719485167e-05
44 28 0.0015131087741052775
45 28 0.0011911361853780664
46 28 1.8539105853463294e-06
47 28 0.022263253278930091
48 28 -0.00044073597625310617
25 29 -0.25609913334856516
26 29 0.13534770350098393
27 29 -0.275294616842089
28 29 -0.039106537155656033
29 29 0.1282171794854432
33 29 0.0099958949745556497
35 29 -6.2132495594926447e-05
38 29 0.0064186824908400095
39 29 0.004511580941969801
41 29 -0.050028471604432044
44 29 -0.0023728478875860684
45 29 -0.00050503856748881665
47 29 -0.016690611763422392
48 29 0.00012285161727462743
9 30 0.025770793887321234
10 30 -0.0038627880748086998
11 30 0.00035359789337100937
12 30 3.9374452784378336e-05
13 30 -8.159068761590803e-06
14 30 9.2800031570983704e-07
15 30 0.0021887688808302969
16 30 -0.0006543789277594958
17 30 -1.6123035035336104e-05
18 30 -0.0044224319746668309
19 30 4.985390736233732e-06
20 30 0.00050550551745963152
21 30 0.00017324785865250854
22 30 5.0714661209858034e-05
23 30 -0.28764027690665761
24 30 -5.1527292290801849e-05
25 30 -9.7135956361781269e-05
26 30 1.6148105073124113e-05
27 30 -9.5510663719537079e-05
28 30 0.027683315151343899
29 30 4.3477241898768964e-05
30 30 0.090632788669595926
31 30 -0.013397146394714418
32 30 -0.015751396074518659
33 30 -0.011392476783529054
34 30 -8.528292125812869e-06
35 30 0.001062263029750423
36 30 5.4614717066953789e-07
37 30 -3.9596770179042555e-06
38 30 -1.0772435029897381e-05
39 30 3.8612230004714094e-06
40 30 0.0032348161835364987
41 30 -1.2344815489723859e-05
42 30 0.0024527477840179559
43 30 2.7490598488818125e-05
44 30 9.3800072165027802e-08
45 30 0.0010258639305196823
46 30 2.0808166632480697e-06
47 30 -0.0002896278447963173
48 30 -0.00059405086455401317
9 31 -0.28052511888097287
10 31 0.042047951205369381
11 31 -0.0038490506543054225
12 31 -0.00042860623915995014
13 31 8.8814638164071155e-05
14 31 -1.0101644521481303e-05
15 31 -0.023825600917943477
16 31 0.0071231692475430151
17 31 0.00017550550983355404
18 31 0.10839318155488753
19 31 -5.4267917979745232e-05
20 31 -0.010836093673221319
21 31 -0.0018858703521849769
22 31 -0.001075071695806927
23 31 0.0020201855673255111
24 31 0.00056089462585796695
25 31 0.0010573626806045637
26 31 -0.00017577840694962975
27 31 0.0010396707377922688
28 31 -0.00023056747262903738
29 31 -0.000473266695065588
30 31 -0.08854804687111438
31 31 0.084084672002390615
32 31 0.012563132214004707
33 31 -0.005099564123468449
34 31 0.00017575008478265905
35 31 0.00031261091253664152
36 31 -3.1315404253546098e-05
37 31 8.4378944997657245e-05
38 31 0.00011596793073703707
39 31 -3.3825905849614275e-05
40 31 -0.040640571527880698
41 31 0.00013350200033652188
42 31 0.0045241511506879488
43 31 0.0021964173851096655
44 31 -1.3319222859081277e-05
45 31 0.00023565458802055289
46 31 5.391106469391649e-05
47 31 -5.6738201901016818e-05
48 31 -0.00069277557794291344
30 32 -0.21602745246381785
31 32 -0.027485095921216774
32 32 0.039909280097272418
33 32 -0.014830278681570564
35 32 0.00092169589671872948
40 32 0.0093365422091466616
42 32 -0.0089916492202933521
43 32 -0.00043912507110889845
45 32 -0.0014295338457656853
46 32 -1.5506948489846679e-05
47 32 -0.00024908437992235524
48 32 0.0016106838121541271
23 33 0.03392991664708149
28 33 -0.2469285233438259
30 33 0.01757112749526616
31 33 -0.0012811283689073173
32 33 -0.19436717984519106
33 33 0.10823503837438771
35 33 -0.0098852403293151273
40 33 -0.011525720986857889
42 33 0.038560863010025578
43 33 0.0018831964299810097
45 33 0.0058834072242588149
46 33 6.6501850969781504e-05
47 33 0.0026714439833969623
48 33 -0.0068473227575471026
12 34 0.008262645110700113
13 34 0.060452041829602864
14 34 -0.0068757251032454591
15 34 -0.00016649687966839265
16 34 0.00062182379984116148
17 34 0.0011860380517594309
18 34 4.6231278371984031e-05
19 34 -0.16546919301277566
20 34 -0.00031062012995057846
22 34 -0.15749043585951752
27 34 -0.001377791803119033
29 34 0.00030668660344853097
31 34 2.8599869243818265e-06
32 34 -1.1384040130615648e-07
33 34 2.5431221309113112e-08
34 34 0.047118398258812408
35 34 -1.5805402469128202e-09
36 34 -0.014850067478962073
37 34 0.01284477673283217
38 34 -0.0034468425338505162
39 34 0.0050915746221932914
40 34 -1.9523593697585054e-05
41 34 -0.00060920100320672761
42 34 2.1365656305918967e-05
43 34 0.038738422883919918
44 34 -0.0041960044306186368
45 34 1.9444957401165733e-06
46 34 -0.0022295272853581098
47 34 -5.3740853820562629e-05
48 34 -3.4739746235407997e-06
8 35 0.045679541626157685
26 35 0.0056339132954896674
28 35 0.010971176071013106
29 35 0.00050785101726280807
33 35 -0.067021345839269178
35 35 0.0054656434324349143
38 35 -5.0474773597571769e-05
39 35 3.2950106473459777e-05
41 35 -0.0010340604979511866
44 35 -4.0558315438705077e-05
45 35 0.0017181979282835686
47 35 -0.0026408233748430559
48 35 -0.00041795499962926066
12 36 -0.047738040163207505
13 36 0.0098921489618701529
14 36 -0.0011251182736538672
15 36 -2.7244934753548432e-05
16 36 0.00010175295109805079
17 36 0.00019407888844385178
18 36 7.565115726651981e-06
19 36 -0.0010400357515502
20 36 -5.0828731388224366e-05
22 36 1.6175235908492008e-05
27 36 0.0079602935322320035
29 36 -0.0017719044200487427
31 36 4.6799770245530132e-07
32 36 -1.8628423019586465e-08
33 36 4.1614711738130579e-09
34 36 -0.35929483373168736
35 36 -2.586337713250962e-10
36 36 0.11243708209985193
37 36 -0.0066329797307879586
38 36 0.021273355431261607
39 36 -0.035491154312590617
40 36 -3.1947687999012523e-06
41 36 0.0041682991746824659
42 36 3.4961971250204056e-06
43 36 4.2247393113843238e-06
44 36 0.0069257857197069887
45 36 3.181901046646825e-07
46 36 0.0018194042374336304
47 36 0.0003677107858507916
48 36 -5.6846838296525642e-07
4 37 0.057006477181064712
5 37 -0.0097186976990354165
6 37 -0.00087345130158951163
7 37 -8.5365133744028866e-05
8 37 1.102236634372327e-05
22 37 -0.078121158529021822
34 37 0.022995447075905884
35 37 2.6925581761634737e-07
36 37 -0.028284888323878262
37 37 0.0086929286421524761
38 37 -0.001442893589903032
39 37 0.0082924213520531483
41 37 -0.00073067531172350863
43 37 0.019190857821626658
44 37 -0.0020247309179170412
45 37 -1.7937687995524854e-07
46 37 -0.0044217255938537176
47 37 8.4161059481163074e-05
48 37 4.3633776156445622e-08
12 38 -0.32610565481360099
13 38 0.067574741311030875
14 38 -0.0076858503222640515
15 38 -0.0001861142027989526
16 38 0.00069508954774017404
17 38 0.0013257817619889835
18 38 5.167843106558642e-05
19 38 -0.0071046389552085337
20 38 -0.00034721862640428586
22 38 0.00011049544304017451
27 38 -0.011578553181575933
29 38 -0.075513177103439993
31 38 3.1969619341028381e-06
32 38 -1.2725352918088534e-07
33 38 2.8427628731398056e-08
34 38 -5.2226727420925976e-05
35 38 -1.7667657714169286e-09
36 38 0.071877279563110907
37 38 -0.0018061560004144616
38 38 0.12069953432076866
39 38 -0.047269495029361897
40 38 -2.1823940989366743e-05
41 38 0.021182247349286382
42 38 2.3883042724718415e-05
43 38 2.8859822792171753e-05
44 38 0.0078750044664555041
45 38 2.1736039452423277e-06
46 38 0.0004964512909424397
47 38 0.0018686137923770675
48 38 -3.8832921006796968e-06
29 39 0.036778829152089569
36 39 -0.30734520930302339
37 39 0.037706770466264847
38 39 -0.22540445810968351
39 39 0.13213637808876438
41 39 -0.021967861970325502
44 39 -0.029512433308461754
46 39 -0.010341949871085328
47 39 -0.0019379171011037017
18 40 -0.18895420883885156
20 40 0.047399826900675256
22 40 0.0046482302219471019
31 40 -0.27677187368354111
32 40 0.070237946177438199
33 40 -0.01569071026666705
34 40 -0.00073689718074081427
35 40 0.00097517137606869945
36 40 0.00022547267364032386
37 40 -0.00036683259343225748
38 40 1.1502010252565631e-05
39 40 -7.291988971891364e-05
40 40 0.11011019669983381
41 40 7.7862861617449515e-06
42 40 -0.033057273219125438
43 40 -0.010242266551615043
44 40 0.00010929682070215059
45 40 -0.0044713783047360539
46 40 -0.00025887600760255894
47 40 -0.00026284902475874145
48 40 0.0057308220693259564
6 41 -0.22988764591107216
7 41 -0.022467640272086208
8 41 0.0029010270481213524
26 41 -0.15665023739326162
28 41 0.045261560932338907
29 41 -0.18379479826677672
33 41 -0.011569160615354436
35 41 0.00014277827303319179
38 41 0.018267169928944286
39 41 -0.11597920060789753
41 41 0.11802915161062437
44 41 0.051394801602849531
45 41 0.0005373161582619331
47 41 0.063737234578250271
48 41 -0.00013070320422950638
2 42 -0.081247103021605094
3 42 -0.0078567355455980495
4 42 0.00091736259694654798
5 42 -0.00015639573257277104
6 42 -1.4055798462821829e-05
7 42 -1.3737172449962134e-06
8 42 1.7737469693940053e-07
20 42 -0.064757335880545011
22 42 -0.0063503819615940557
32 42 -0.21804840367097431
33 42 0.048710625983672588
34 42 0.0010067441457677516
35 42 -0.0030273416165097346
36 42 -0.00030803930337988124
37 42 0.0005301690065672264
38 42 -1.5713971757484498e-05
39 42 0.00010028721397195536
40 42 -0.1981624650975812
41 42 -8.2178033434029533e-06
42 42 0.081979332534817956
43 42 0.030715655644211345
44 42 -0.0001328690598073591
45 42 0.012004489275008558
46 42 0.015188468335395089
47 42 0.00081979397598035586
48 42 0.0030227872047022004
2 43 -0.13920161272808482
3 43 -0.013461036985337075
4 43 0.0015717280764758616
5 43 -0.00026795463946733964
6 43 -2.4081964050895959e-05
7 43 -2.3536058373060348e-06
8 43 3.0389814470743774e-07
20 43 -0.12641725474894866
22 43 -0.24276512050632296
34 43 0.038486246235965638
35 43 7.4236639278360152e-09
36 43 -0.011775858374813293
37 43 0.019208417839323196
38 43 -0.00060072044018925398
39 43 0.0038095570204458198
40 43 -0.0041917268069323983
41 43 -0.0004025118980230113
42 43 0.054632072153431174
43 43 0.10784067635487396
44 43 -0.0056801054701108517
45 43 0.0049660010674809031
46 43 0.022843453986207331
47 43 -3.1410430890964103e-05
48 43 0.021028713032228134
4 44 -0.0024878334714917554
5 44 -0.24999825974902384
6 44 -0.17704064735104358
7 44 -0.017302737441398718
8 44 0.0022341335679298222
35 44 5.4575709220518575e-05
37 44 -0.30412305424498198
39 44 -0.12826460436687709
41 44 0.075789553216477207
44 44 0.16398003331723621
45 44 -3.6358064713277156e-05
46 44 0.083529629488940993
47 44 0.03680943561199132
48 44 8.8441702050815542e-06
1 45 -0.063523962592384353
2 45 -0.0083898148944981325
3 45 -0.00081130962768066934
4 45 9.4729560726257439e-05
5 45 -1.6149883476166052e-05
6 45 -1.4514431027293115e-06
7 45 -1.4185408432142376e-07
8 45 -0.012657895482077309
32 45 -0.03203541747344766
33 45 -0.059394422738625288
35 45 -0.28788212577055383
37 45 2.9951104718966846e-06
39 45 6.8621725398967909e-08
40 45 -0.0019526978257428048
41 45 2.4987259796441715e-07
42 45 0.093492598470815758
43 45 0.0061070675494407471
44 45 1.6988351746291185e-06
45 45 0.083250662314639803
46 45 0.0016865646872635353
47 45 0.07795458006002802
48 45 -0.020129913030752331
2 46 -0.11044053210037667
3 46 -0.16499229269862181
4 46 -0.048299466161011828
5 46 0.0082342908008983806
6 46 0.00074004277532215695
7 46 7.2326700271342105e-05
8 46 -9.3388407170294552e-06
22 46 0.00038790922651195186
34 46 -6.1496354903064059e-05
35 46 -2.281304317456764e-07
36 46 1.8816393821982923e-05
37 46 -0.22032487431099732
38 46 9.5987842412338432e-07
39 46 -0.0050533023222246905
41 46 0.00040844698694925179
42 46 0.0086398426528868453
43 46 0.051480052842660093
44 46 0.058766223569683751
45 46 0.00078550587268331811
46 46 0.098642465258789433
47 46 -8.9887206809394576e-05
48 46 0.02232570904944161
6 47 -0.16777513532634905
7 47 -0.17075430153888008
8 47 -0.0021691601453439208
26 47 -0.068974724188686845
28 47 0.019929134699107769
29 47 -0.0062175049574669959
33 47 -0.0050940214060155413
35 47 -0.2851036612044216
38 47 0.00061795121876761778
39 47 -0.00040340068914696014
41 47 0.11237349739525394
44 47 0.026563675377939643
45 47 0.067312069367849919
47 47 0.13348199795814927
48 47 -0.016373792253252785
1 48 -0.2879252501999221
2 48 -0.28318755942081381
3 48 -0.027384727349367987
4 48 0.003197476159416427
5 48 -0.00054511883087494158
6 48 -4.8991620800791774e-05
7 48 -4.7881046766838491e-06
8 48 0.053215570071655928
35 48 0.0012999569586727825
37 48 0.00010109615473022677
39 48 2.3162392953058643e-06
41 48 8.4341325849852754e-06
42 48 -0.13215471097118853
43 48 0.045566219756394299
44 48 5.7342026374972872e-05
45 48 -0.28057553446725148
46 48 0.051257594090964996
47 48 -0.00099552124818567023
48 48 0.19955883666399846


# name: BSOR
# type: sparse matrix
# nnz: 1199
# rows: 48
# columns: 48
1 1 -0.69999999999999996
2 1 -0.15716714318526639
3 1 -0.025837169310888686
4 1 0.0051285281805252018
5 1 -0.0014863652296498919
6 1 -0.00022709369752561666
7 1 -3.7730784194742169e-05
8 1 0.21994659118044857
35 1 0.0091339033351677101
37 1 0.00027565697739909432
39 1 1.0736598163672847e-05
41 1 6.6461879579107262e-05
42 1 0.020902008660674244
43 1 0.050815848614627311
44 1 0.00029618309294716401
45 1 0.050293071346242717
46 1 0.051245360725995483
47 1 -0.0087088633323457332
48 1 0.24611539835884419
1 2 0.31434007167164923
2 2 -0.62942295563816431
3 2 -0.10347269246863655
4 2 0.020538729024645146
5 2 -0.00595259528832447
6 2 -0.00090946481183334655
7 2 -0.00015110423988814136
8 2 -0.09873172316546952
35 2 -0.0041001136260760572
37 2 0.00110395102907925
39 2 4.2997927001270127e-05
41 2 0.00026616652713880366
42 2 0.083708361705523607
43 2 0.20350730426255306
44 2 0.00118615401409379
45 2 -0.0081999812321785995
46 2 0.20522741431317007
47 2 0.0042555444683099793
48 2 0.11699763029051065
2 3 0.067191477765930721
3 3 -0.68895419518289025
4 3 0.13675340988679624
5 3 -0.039634278361511836
6 3 -0.0060555068447042081
7 3 -0.0010061002327972823
8 3 0.00022084343172242064
35 3 9.1711471713802571e-06
37 3 0.0073504581219934343
39 3 0.0002862939147028758
41 3 0.0017722216472246767
42 3 -0.0089359443820357237
43 3 -0.021724591369086579
44 3 0.0078977918197174948
45 3 -0.0013884767543403077
46 3 0.076828319416811564
47 3 0.00206411520851363
48 3 -0.021835712055169369
3 4 -0.22367054466585298
4 4 -0.65560269479718813
5 4 0.19000871511473644
6 4 0.029030403037388599
7 4 0.0048232948955641529
8 4 -0.001058734470206853
35 4 -4.3966938776266934e-05
37 4 -0.03523846430419468
39 4 -0.0013725073629872533
41 4 -0.0084961193191467957
44 4 -0.037862409458310008
45 4 3.6525820238886286e-05
46 4 0.10499949563490016
47 4 -0.009895471668264804
48 4 -1.5104461008988321e-05
4 5 -0.35404463664125996
5 5 -0.59738973461315614
6 5 -0.09127194379345345
7 5 -0.015164498406729079
8 5 0.0033286741810803367
35 5 0.00013823259565460812
37 5 -0.019029801721962239
39 5 -0.00074119413247164718
41 5 0.027629755140262717
44 5 0.18473872863694218
45 5 -0.00011483762755755738
46 5 0.03714953709244298
47 5 0.031249132144332961
48 5 4.7488610973373643e-05
5 6 0.22195906855703848
6 6 -0.66608807541210269
7 6 -0.11066808855507866
8 6 0.02429213279348158
35 6 0.0010087994160304214
41 6 0.20065565957234269
44 6 0.10771304762914316
45 6 -0.00083806667356405831
47 6 0.2279039276525458
48 6 0.00034656430193740764
6 7 0.08355188405864758
7 7 -0.68611816117827162
8 7 0.15060595787797312
35 7 0.0062543377170558648
41 7 -0.0251695819564513
44 7 -0.020622297188943997
45 7 -0.0051958317209426013
47 7 0.055026639917359774
48 7 0.0021486235524613962
1 8 -0.18758559108421294
2 8 -0.042117559219179035
3 8 -0.0069238295387513433
4 8 0.0013743399859083758
5 8 -0.00039831528595842415
6 8 -6.0856436402631806e-05
7 8 -0.22774405462591804
8 8 -0.59107023748539178
35 8 -0.02454586081335048
37 8 7.3870395774138054e-05
39 8 2.8771873039517804e-06
41 8 1.7810415664878023e-05
42 8 0.0056013080706570229
43 8 0.013617601426886783
44 8 7.9370972228063065e-05
45 8 0.035902582428869664
46 8 0.013732701831585106
47 8 0.052832909272368611
48 8 0.056680457319590587
9 9 -0.69999999999999996
10 9 0.17836927450201115
11 9 -0.027757334190681677
12 9 -0.0052545017108446964
13 9 0.0018510004368179815
14 9 -0.00035790105070754129
15 9 -0.10108295175656425
16 9 0.051420079881379484
17 9 0.002236268977257371
18 9 0.21797658701539138
19 9 -0.0013068540137011237
20 9 -0.048314224919698612
21 9 -0.013225512172278665
22 9 -0.0082865801736099372
23 9 0.016243089904293406
24 9 0.0066542253435528474
25 9 0.012526804427365146
26 9 -0.0035420496811782681
27 9 0.013581866512335866
28 9 -0.0019590754946893934
29 9 -0.010233941363287083
30 9 -0.039230100701884367
31 9 0.32864511217323383
32 9 -0.010255756878857145
33 9 0.0039105024018852288
34 9 0.0025238910334923793
35 9 -0.00050288935136823959
36 9 -0.00084473445362638155
37 9 0.0011524398759993645
38 9 0.0030268412397370091
39 9 -0.0013663825681822876
40 9 -0.21224406220754163
41 9 0.0049508501274235627
42 9 0.063744402974926381
43 9 0.021724514329685238
44 9 9.1828404551276324e-05
45 9 0.010215301468702831
46 9 0.00076017055883754016
47 9 0.001520453338603778
48 9 -0.019445089797433666
9 10 -0.16769986894100103
10 10 -0.65726785148987332
11 10 0.10228220895964926
12 10 0.019362163465534623
13 10 -0.0068206987084003306
14 10 0.0013188193723457763
15 10 -0.024158748311559688
16 10 0.012090730452143253
17 10 0.00011967670472677448
18 10 0.05219304367518212
19 10 0.0011407525741490964
20 10 -0.011384836195304882
21 10 0.048734312535586126
22 10 -0.0019837052500883928
23 10 -0.057309932237182677
24 10 -0.024519965151493232
25 10 -0.046159664297537345
26 10 0.013051997830445743
27 10 -0.050047432477977598
28 10 0.0068027985658238128
29 10 0.037710758598422191
30 10 0.023144696304512911
31 10 0.074697311043023185
32 10 -0.012124177509354867
33 10 -0.0007687351135238535
34 10 0.00020924453340282823
35 10 0.00040280693562567299
36 10 -0.001833690581954837
37 10 0.00033808874389619476
38 10 -0.011582484589816039
39 10 0.0076792519825347296
40 10 -0.050106193510424807
41 10 -0.018723250887656622
42 10 0.018168327522293581
43 10 0.0053934756700848852
44 10 -0.0030978004861632429
45 10 0.0033169104201570096
46 10 0.00016454967768479316
47 10 -0.0050083776903058139
48 10 -0.0057098368046276755
10 11 -0.34792781262535988
11 11 -0.64585643409585036
12 11 -0.12226151526669206
13 11 0.043068996951243749
14 11 -0.0083276259449558479
15 11 -0.00034281334897821912
16 11 0.0013520567527364258
17 11 0.0024668664164075971
18 11 0.00016528737259241413
19 11 -0.0086197768509705345
20 11 -0.0011256924802164521
21 11 0.048727617954401885
22 11 -9.0182720725961444e-06
23 11 -0.039758506782070872
24 11 -0.056597494772160022
25 11 0.32679623107014844
26 11 -0.046656018672708952
27 11 0.31762701932273846
28 11 0.033317766298147457
29 11 -0.24608501189624568
30 11 0.021141133788903421
31 11 -0.0026030331486699503
32 11 -0.0062814511885235331
33 11 -0.01353229799273504
34 11 0.0023443626152293115
35 11 0.0015334592459708674
36 11 0.0096720486208844558
37 11 -0.00036758092294669975
38 11 0.074127126958085279
39 11 -0.048472164212484944
40 11 0.00034553474212017812
41 11 0.11116687793371266
42 11 0.0020434030739854285
43 11 0.00047564777281804453
44 11 0.018330780191132569
45 11 0.001210962722511766
46 11 0.00019993691084837091
47 11 0.02317136003461372
48 11 -0.00098868747165144688
11 12 0.18450057049417004
12 12 -0.66507378710600751
13 12 0.23428517834691298
14 12 -0.045300319669135419
15 12 -0.0018648237082462449
16 12 0.0073548696248625766
17 12 0.013419171079845034
18 12 0.00089912429607182022
19 12 -0.046889551644919494
20 12 -0.0061235014084458318
21 12 -0.0060436803325958563
22 12 -4.9057271598431043e-05
23 12 0.0024615075916259018
24 12 0.011496424665077188
25 12 -0.092574759904132858
26 12 0.014118288026439144
27 12 0.10773144110729047
28 12 -0.0078289457630134479
29 12 -0.0049654774446150352
30 12 -0.0013088786659470747
31 12 0.00025679147359914219
32 12 0.00038242255363184143
33 12 0.0033458548265815108
34 12 0.012752779314563848
35 12 -0.00033589413191422834
36 12 0.052613661717944647
37 12 -0.0019995534650361401
38 12 0.36959797200362599
39 12 -0.14998608048531722
40 12 -0.00069618725291004915
41 12 0.025101728855151773
42 12 0.00067382137477481601
43 12 0.0017205025536672195
44 12 0.038283986359163254
45 12 -7.6330613319084588e-05
46 12 0.0010355668153243247
47 12 0.0017386517492867567
48 12 -0.00012932898019951523
12 13 -0.16854236189658739
13 13 -0.64062767458062819
14 13 0.12386886209432166
15 13 0.0050991602804153959
16 13 -0.020111101597910762
17 13 -0.03669328305075862
18 13 -0.002458558885438875
19 13 0.12821444636132204
20 13 0.01674405737171783
22 13 0.00013414184391484502
27 13 0.047777398000287352
29 13 -0.018079342174883335
31 13 -0.00025855782214420105
32 13 1.7496008170798341e-05
33 13 -6.6444447332517795e-06
34 13 -0.070848506977019568
35 13 7.0201429674946311e-07
36 13 0.051866825010423202
37 13 -0.0035026771358147918
38 13 0.097424019976894802
39 13 -0.05876675234969627
40 13 0.0018243897641146336
41 13 0.017234668829422262
42 13 -0.0021637937456685814
43 13 -0.0047312049505985401
44 13 0.016681770740000774
45 13 -0.00033493042336798856
46 13 0.0013492541961629266
47 13 0.0025843127622329491
48 13 0.00065516997547483843
13 14 -0.20765956962187701
14 14 -0.65984788729444577
15 14 -0.027163163373905685
16 14 0.10713158800506735
17 14 0.19546466230152026
18 14 0.013096712595216428
19 14 -0.092246145447276828
20 14 -0.089195385302336463
22 14 -0.036492429307624169
31 14 0.0013773343017827332
32 14 -9.3201017853839424e-05
33 14 3.5394874428913325e-05
34 14 0.015014473944848207
35 14 -3.7396214248573815e-06
36 14 -0.0078099105853760304
37 14 0.0053194514277010684
38 14 -0.00067729024229983763
39 14 0.0041003398358823535
40 14 -0.009718501575771225
41 14 -0.00074430876208953466
42 14 0.011526502362903359
43 14 0.040144389749683415
44 14 -0.0034597113532566751
45 14 0.0017841701983321336
46 14 -9.9657135611647357e-05
47 14 -0.00010990386347913813
48 14 -0.0034900823082288077
9 15 0.13426774471144853
10 15 -0.034213200304574747
11 15 0.0053241638014068712
12 15 0.0010078715632822362
13 15 -0.00035504236301636639
14 15 0.052017502456991403
15 15 -0.67847265560740599
16 15 0.33743653592482892
17 15 -0.0010634492195375021
18 15 0.17846628710312371
19 15 0.0036953319467781763
20 15 -0.12412966429231913
21 15 0.0025367995600366674
22 15 -0.020769333305503256
23 15 -0.0031156043551353917
24 15 -0.001276354042400864
25 15 -0.0024027796841481525
26 15 0.0006794043176395878
27 15 -0.002605152265118977
28 15 0.00037577235484487182
29 15 0.0019629831805110911
30 15 0.0075247673514928981
31 15 -0.039872067585002752
32 15 0.00039959837635610831
33 15 -0.00015476312788545465
34 15 0.0048429258194482346
35 15 3.3562192415181541e-05
36 15 -0.0026088752034676352
37 15 0.0028825470964036503
38 15 -0.00082087973645995124
39 15 0.0017642342417730872
40 15 -0.045702603454620107
41 15 -0.0012223030666774846
42 15 0.024299505806010722
43 15 0.044018019279607197
44 15 -0.0018136301645184272
45 15 0.0037353741631159006
46 15 0.0012817775959267201
47 15 -0.00030363586834527163
48 15 -0.007346875084586312
14 16 -0.18980864618318571
15 16 -0.54824154031922201
16 16 -0.39454237496936972
17 16 0.038584545997731243
18 16 0.14080628656200156
19 16 -0.028527566438002333
20 16 0.081802966147006329
22 16 0.0099939158590773847
31 16 0.014808092258154116
32 16 -0.0010020292598152626
33 16 0.00038053983359793444
34 16 0.0030937205941429617
35 16 -4.0205677734288529e-05
36 16 -0.0016092259579086584
37 16 -0.0011672323465080408
38 16 -0.00013955512384328619
39 16 0.00075671821099935425
40 16 -0.045819905130562555
41 16 -0.00013736227176846529
42 16 0.0041157523124270082
43 16 -0.025794825759369859
44 16 0.00034506880078534171
45 16 0.00066822767726718805
46 16 -0.0009962510734737506
47 16 -2.1286356962593083e-06
48 16 -0.0012590829678707696
14 17 -0.41751508803919851
15 17 -0.017187340849086671
16 17 0.1123599964151753
17 17 -0.57447214165805494
18 17 0.010440351425481874
19 17 0.22707837460103764
20 17 0.13123878412567866
22 17 0.088094927250866678
31 17 0.001097974322673514
32 17 -7.4297375966095574e-05
33 17 2.8215853788654542e-05
34 17 -0.069807512797838298
35 17 -2.9811268736272606e-06
36 17 0.036310991323520628
37 17 -0.014190194468498889
38 17 0.0031489579608894431
39 17 -0.018653313038819327
40 17 0.0036584139936185834
41 17 0.0033860179625341989
42 17 -0.014104271908417954
43 17 -0.073196362789933217
44 17 0.011157832573843181
45 17 -0.0021771219637367004
46 17 0.0022930867395044158
47 17 0.00050916126522432617
48 17 0.0042680941451621003
9 18 -0.30273076746780081
10 18 0.077139810518098095
11 18 -0.01200428440343613
12 18 -0.0022724276222641248
13 18 0.0008005068326016315
14 18 -0.00015478237108318039
15 18 -0.40093733136968573
16 18 0.25942987392527384
17 18 0.010804719493891148
18 18 -0.49010519599281466
19 18 -0.004889505816512524
20 18 -0.0043802193950846502
21 18 -0.0057196706429552312
22 18 -0.0019381587434564342
23 18 0.0070246901039646139
24 18 0.0028777696359392059
25 18 0.005417498740307565
26 18 -0.0015318391691316803
27 18 0.0058737841041780854
28 18 -0.0008472463257638308
29 18 -0.0044258984616119572
30 18 -0.016965940704743665
31 18 0.080673454814357518
32 18 -0.00027671244506191715
33 18 0.00011186888835011026
34 18 0.001525264310822675
35 18 -5.0624272233104015e-05
36 18 -0.00059094372403713713
37 18 0.00030316656124114612
38 18 0.0012894595420032144
39 18 -0.0004860583824673598
40 18 0.1184398607787488
41 18 0.0021220712590080434
42 18 -0.03049623523904605
43 18 -0.00054645728182772801
44 18 0.000102855517043976
45 18 -0.0046884415790701042
46 18 -0.0001757202376219554
47 18 0.00057804045041633405
48 18 0.0092206393072549412
13 19 -0.19844185858783109
14 19 0.10737409371139336
15 19 0.0044201400137334167
16 19 -0.01743304387481262
17 19 -0.37692758786290137
18 19 -0.0021311694294816174
19 19 -0.49538855905368218
20 19 0.1138214803605711
22 19 0.10144734619179085
31 19 -0.00022412744700589204
32 19 1.516618453696705e-05
33 19 -5.7596495147028253e-06
34 19 0.060221632100277006
35 19 6.0853185870487014e-07
36 19 -0.031324811227898743
37 19 -0.010690401781108872
38 19 -0.0027165469763849675
39 19 0.015198681346995854
40 19 0.0071792292126105217
41 19 -0.0027589205167286917
42 19 -0.013307483822366885
43 19 -0.074030064721375355
44 19 0.0010935077623520501
45 19 -0.0020568728090811454
46 19 0.00062195201935765952
47 19 -0.00041402719571238778
48 19 0.0040281120950181647
16 20 -0.37013381043726662
17 20 -0.35805226801756662
18 20 -0.18507999976164424
19 20 0.15738961422313655
20 20 -0.46208550184998176
22 20 -0.036723673488190375
31 20 -0.019464199919815076
32 20 0.0013170972667197439
33 20 -0.00050019295324991802
34 20 -0.02203101772464975
35 20 5.2847546847293865e-05
36 20 0.011459627501194381
37 20 0.0038606166290873784
38 20 0.00099380060784346651
39 20 -0.0055621267060069549
40 20 0.04024101391972925
41 20 0.0010096576890784223
42 20 0.035405766741364128
43 20 0.14233917508614491
44 20 -0.00037653910520956714
45 20 0.0054288389082210601
46 20 0.0067153761390335159
47 20 0.0001271364508592343
48 20 -0.010699103630567162
10 21 -0.13085989892222558
11 21 -0.0038301048575776972
12 21 -0.0007250441410765157
13 21 0.00025541090206043608
14 21 -4.9385093807290104e-05
15 21 -2.0329766862229528e-06
16 21 8.0180654136023947e-06
17 21 1.4629190862989542e-05
18 21 9.8019921338820024e-07
19 21 -5.1117628384945958e-05
20 21 -6.675663520564772e-06
21 21 -0.68950462882972419
22 21 -5.3480813767167333e-08
23 21 0.2733364150896696
24 21 0.40880479834295758
25 21 -0.066416843462124675
26 21 -0.069477445668770482
27 21 -0.0012217781381632003
28 21 -0.065007911853085756
29 21 0.013948384922761436
30 21 -0.14534352993849931
31 21 0.018015243156041621
32 21 0.043176358979856028
33 21 0.021752059687140564
34 21 1.390270990035652e-05
35 21 -0.004636203835135801
36 21 5.7357887062683521e-05
37 21 -2.1798551569776747e-06
38 21 -0.0017962556827170678
39 21 0.0016499560604860458
40 21 -0.0032194761194752628
41 21 0.013963712931337694
42 21 -0.013047265347537985
43 21 -0.0010814068999882446
44 21 0.0004308326528167924
45 21 -0.0042310395481688851
46 21 -6.3903304603341575e-05
47 21 0.014952535671253269
48 21 0.0048650571125744523
17 22 -0.14151250156365952
19 22 -0.016212446694713632
20 22 0.183017152950715
22 22 -0.64880834938520893
34 22 0.17814651961476824
36 22 -0.092664477916301904
37 22 0.091007377057229957
38 22 -0.0080360390832180384
39 22 0.04973684907964207
40 22 0.010316380015119541
41 22 -0.0090284157046549088
42 22 -0.021068183939812614
43 22 0.22006454870857597
44 22 -0.054087117711294465
45 22 -0.0032556341139949908
46 22 -0.029744416337571203
47 22 -0.0013539663560818542
48 22 0.0063769197924311424
9 23 -0.0010100281006926507
10 23 0.095111544142104987
11 23 -0.01480099598720077
12 23 -0.002801848988908325
13 23 0.00098700580716598704
14 23 -0.00019084296708563587
15 23 -0.00015368726081856871
16 23 0.00010509493353629836
17 23 5.9606541933988961e-05
18 23 0.00031829544230655652
19 23 -0.00019888927074624283
20 23 -9.5439984769983893e-05
21 23 -0.41582597285931905
22 23 -1.2162795207438605e-05
23 23 -0.52519551116806107
24 23 0.24600607196505797
25 23 -0.033827633348905962
26 23 -0.042897300785317255
27 23 0.0054019703030736364
28 23 0.074171401830491202
29 23 0.0036736435929292845
30 23 0.27922259717555309
31 23 -0.034141692712939598
32 23 -0.082978690166372451
33 23 -0.019743388798356583
34 23 5.7221746330308393e-05
35 23 0.0031280526175153952
36 23 0.00021983425177434033
37 23 -6.738150549471059e-06
38 23 0.00034715324424139295
39 23 6.1201184438359427e-05
40 23 0.0058758117901297948
41 23 0.010589241552592962
42 23 0.025167423818660127
43 23 0.0021201756525697528
44 23 0.0006137769081707798
45 23 0.0085068750408189339
46 23 0.00013041159423754804
47 23 0.0067750185172568674
48 23 -0.0095272657119638993
11 24 0.030646476854574358
12 24 0.0058014204086566379
13 24 -0.0020436631866396168
14 24 0.0003951534463427931
15 24 1.6266806073717824e-05
16 24 -6.4156326067750275e-05
17 24 -0.00011705506137691035
18 24 -7.8430365807195319e-06
19 24 0.00040901627329094619
20 24 5.3415134879963185e-05
21 24 -0.57492793027597522
22 24 4.2792523500672493e-07
23 24 0.23416021151539526
24 24 -0.35767618744683971
25 24 0.044698637361302376
26 24 0.063164362197120696
27 24 -0.012336530709716735
28 24 -0.11342447863230998
29 24 -0.0018938328246628847
30 24 -0.12451202925752954
31 24 0.015432278036982001
32 24 0.036988127751748832
33 24 0.043721593221164382
34 24 -0.00011124214428077045
35 24 -0.0062453432472814666
36 24 -0.00045894752850331291
37 24 1.7442050047917128e-05
38 24 -0.0015481130711941177
39 24 0.00059362148438900537
40 24 -0.0027515985300768891
41 24 -0.016993244642333816
42 24 -0.01118489528421282
43 24 -0.00094312213819318336
44 24 -0.001153533759991646
45 24 -0.0049342543046779581
46 24 -6.4750316502381e-05
47 24 -0.0094328444220100893
48 24 0.0047111629694595054
11 25 -0.4975617380874795
12 25 -0.094189124433613894
13 25 0.033179951223594815
14 25 -0.0064155249070410123
15 25 -0.00026410018814162383
16 25 0.0010416118387459011
17 25 0.0019004507456764565
18 25 0.00012733584129439703
19 25 -0.0066405952243848302
20 25 -0.00086722292670599901
21 25 0.016298616761331534
22 25 -6.9475922048657417e-06
23 25 -0.0066382016723553153
24 25 -0.2677297764704426
25 25 -0.41079439315762245
26 25 0.12599608564466769
27 25 0.21459667698864504
28 25 -0.059041180223743002
29 25 0.087366644194523918
30 25 0.0035297882398408432
31 25 -0.00042412117292374793
32 25 -0.0010494800463361346
33 25 0.025813354521787867
34 25 0.0018060749664494202
35 25 -0.0023347093235206941
36 25 0.0074512555246289813
37 25 -0.00028318089478383487
38 25 0.013875082348042245
39 25 -0.0014903824852470562
40 25 -1.6320412467388166e-05
41 25 -0.066518639586105655
42 25 0.00042895372357247948
43 25 0.00027135139629397927
44 25 -0.0034419790582197411
45 25 -0.0012297823089149188
46 25 0.00014832143124104863
47 25 -0.028358915892702702
48 25 0.0004061250147415859
24 26 -0.27992177916860761
25 26 -0.12936465671597877
26 26 -0.62144668798048219
27 26 -0.0058770986142660051
28 26 0.30576128538290892
29 26 -0.046001982519660596
33 26 -0.13286290377674376
35 26 0.012417693248183797
38 26 0.0084679844068929564
39 26 -0.0063898851603869655
41 26 0.19076665424200484
44 26 0.012794395234663601
45 26 0.0067791630580385995
47 26 0.11886562103450347
48 26 -0.0028033758972154489
11 27 -0.41766502647692433
12 27 -0.37168205275656718
13 27 0.1309322329441609
14 27 -0.025316462821995435
15 27 -0.0010421723383898754
16 27 0.0041103304519354324
17 27 0.0074994160797580318
18 27 0.00050248313875285932
19 27 -0.026204618413927752
20 27 -0.003422170017333883
21 27 0.013681442281564529
22 27 -2.7416066854300788e-05
23 27 -0.0055722626259416827
24 27 -0.026025147235418194
25 27 0.25470279891298786
26 27 -0.039957904076236436
27 27 -0.40967593153133436
28 27 0.021651121424890334
29 27 0.056354019605081851
30 27 0.0029629872753436305
31 27 -0.00031441404005242335
32 27 -0.00088377343185295641
33 27 -0.0092743092321199341
34 27 0.0071269974638664612
35 27 0.00091901630025713929
36 27 0.029403585240457358
37 27 -0.0011174671906933531
38 27 0.25216340135567322
39 27 -0.09469026176805577
40 27 -0.00030725318864794634
41 27 0.0078355481230398955
42 27 0.00070823909639357676
43 27 0.00098905331759508363
44 27 0.02363026064426273
45 27 0.00060569802667877453
46 27 0.00058038824377878875
47 27 0.0069230331316839245
48 27 -0.00041958533794236543
21 28 0.077522591040057945
23 28 -0.19391874474445678
24 28 -0.047872816019659523
25 28 0.0079980811224648462
26 28 -0.35086657197664944
27 28 0.0003633566746505287
28 28 -0.48981301206254735
29 28 -0.056810792947499272
30 28 0.10311408698748013
31 28 -0.012780855957347442
32 28 -0.030631508377451346
33 28 0.21744771373922323
35 28 -0.038293572357425365
38 28 0.0095558236733810139
39 28 -0.0075866614882997806
40 28 0.0022835439553409559
41 28 0.11963007700062921
42 28 0.0092570051724855038
43 28 0.00076854323645800314
44 28 0.0088798485438762384
45 28 -0.0009606478881924287
46 28 4.6137635901303398e-05
47 28 0.089713016130184661
48 28 -0.0018131158631640855
25 29 -0.43536852669256082
26 29 0.26185537572877793
27 29 -0.47614514344860825
28 29 -0.12862011261580941
29 29 -0.32150289499432622
33 29 0.055889487855951554
35 29 -0.0052177075383943857
38 29 0.11066355422590705
39 29 -0.062047475844500877
41 29 0.055192668553837754
44 29 0.018105142929689524
45 29 -0.0028540334745027034
47 29 -0.029760661265127351
48 29 0.0011802236623855206
9 30 0.043810349608446097
10 30 -0.011163457536197142
11 30 0.0017372264501317694
12 30 0.0003288593671004062
13 30 -0.00011584710894626032
14 30 2.2399671652467971e-05
15 30 0.0063263992227268152
16 30 -0.0032181881092820872
17 30 -0.00013995960816023947
18 30 -0.013642329262285955
19 30 8.1791044610638903e-05
20 30 0.0030238044068472787
21 30 0.00082773473145469683
22 30 0.00051862567780609911
23 30 -0.48968956651561674
24 30 -0.00041646276953490377
25 30 -0.00078400525919928221
26 30 0.00022168347837557854
27 30 -0.00085003760034382976
28 30 0.080066177740787156
29 30 0.0006405036414256351
30 30 -0.43769844104078098
31 30 0.033987821648441836
32 30 0.13139579681011487
33 30 -0.13492238527952913
34 30 -0.00015796078364417642
35 30 0.015999104861495066
36 30 5.286873105667354e-05
37 30 -7.2126848386066335e-05
38 30 -0.00018943853274591541
39 30 8.5516711444217814e-05
40 30 0.0035359962971692922
41 30 -0.00030985496420206604
42 30 -0.043504055053167089
43 30 -0.0046402655594306608
44 30 -5.7471921533960553e-06
45 30 -0.0077215936257682156
46 30 -0.00024451971809469569
47 30 -0.0074309723290461246
48 30 0.01358091728293114
9 31 -0.47689270209765389
10 31 0.12151857898351751
11 31 -0.018910385864602544
12 31 -0.0035797621700878182
13 31 0.0012610408569972355
14 31 -0.00024382914165072689
15 31 -0.068865317141706739
16 31 0.035031229766726103
17 31 0.001523514793116321
18 31 0.25093265311268209
19 31 -0.00089032734548727605
20 31 -0.048329014164769889
21 31 -0.0090102146235191225
22 31 -0.0082150536873365921
23 31 0.011066015764105151
24 31 0.0045333592920765815
25 31 0.0085342023028785984
26 31 -0.0024131109191731972
27 31 0.0092529900294249859
28 31 -0.0013346697232510328
29 31 -0.006972131356924178
30 31 -0.16392380824716304
31 31 -0.44832452157896779
32 31 0.080407864402887164
33 31 -0.036911696463112306
34 31 0.0024119898771569363
35 31 0.0038387508428113608
36 31 -0.00093571982222300995
37 31 0.0011450409050581685
38 31 0.0020308729086221497
39 31 -0.00073729728049468177
40 31 0.11863058794052292
41 31 0.0033377515167306469
42 31 -0.052094812712100494
43 31 0.01208130920887032
44 31 -0.000150563108936943
45 31 -0.010317514164663774
46 31 0.00018477146341621623
47 31 -0.00089041216210636819
48 31 0.016705689528354661
30 32 -0.3672466691884903
31 32 -0.027981239316648039
32 32 -0.58593050453379347
33 32 0.20542457876305412
35 32 -0.021703994387025867
40 32 -0.048767026102623387
42 32 0.20128754753264413
43 32 0.016711472053536298
45 32 0.050737975309980032
46 32 0.0010032328389672812
47 32 0.0099712000509715338
48 32 -0.069044666485043968
23 33 0.05768085830003853
28 33 -0.42366398180547149
30 33 0.017241623648781373
31 33 -0.0021370766571654361
32 33 -0.33026563823566601
33 33 -0.3861604293831975
35 33 0.031587033331099704
40 33 -0.03331034258976702
42 33 0.11498288737353289
43 33 0.0095462105457173336
45 33 0.055682046643477541
46 33 0.00057308368026937539
47 33 -0.014511643467313873
48 33 -0.050481509178950459
12 34 0.014046496688190191
13 34 0.1007309968862079
14 34 -0.019476888771764803
15 34 -0.00080178162559874251
16 34 0.0031622288465191729
17 34 0.005769577443169794
18 34 0.00038657881521559679
19 34 -0.29065298824559188
20 34 -0.0026328016379828082
22 34 -0.26117736287179638
27 34 -0.0039818183110140052
29 34 0.0015067512827426322
31 34 4.0655107811821932e-05
32 34 -2.7510368572938452e-06
33 34 1.0447590203996542e-06
34 34 -0.56382975728132012
35 34 -1.1038330491456721e-07
36 34 0.29202969203012485
37 34 0.011148074557799644
38 34 0.017580815591786137
39 34 -0.14240775389785282
40 34 -0.00028686334815080093
41 34 0.025303069084136723
42 34 0.00034023054217884225
43 34 0.1098063355948645
44 34 0.030465037694010842
45 34 5.2663780807569487e-05
46 34 0.0011838864885079341
47 34 0.0037946815051202237
48 34 -0.00010301759879901464
8 35 0.077655220764468055
26 35 0.0095776526023324329
28 35 0.016713883489657966
29 35 0.0014676894398895149
33 35 -0.1164316750789469
35 35 -0.6839827642234666
38 35 -0.00024798256268487
39 35 0.00019637427196196483
41 35 -0.0032334338352440354
44 35 -0.00023793245842191271
45 35 0.28225277489845252
47 35 0.31064927797612957
48 35 -0.11671951527028665
12 36 -0.081154668277452754
13 36 0.028588310499804741
14 36 -0.0055277060784614477
15 36 -0.00022755241955511182
16 36 0.00089746734302504911
17 36 0.0016374549691425874
18 36 0.00010971434358497163
19 36 -0.0057216298149116423
20 36 -0.00074721141493391352
22 36 -5.986142711309415e-06
27 36 0.023005248308150487
29 36 -0.0087053664156994722
31 36 1.1538264103951697e-05
32 36 -7.8076757208675947e-07
33 36 2.9651146316359622e-07
34 36 -0.60923208072159496
35 36 -3.1327717310860311e-08
36 36 -0.37587303293672369
37 36 0.0049651676999181681
38 36 0.012148300845267683
39 36 0.17178022938545837
40 36 -8.1414249053972761e-05
41 36 -0.028020055157885235
42 36 9.6560310946921881e-05
43 36 0.00021113224035235035
44 36 -0.045028253649137297
45 36 1.4946427260332182e-05
46 36 -0.0023024096335842303
47 36 -0.0042020752343314306
48 36 -2.9237267499074904e-05
4 37 0.096911011207809997
5 37 -0.028087036350212355
6 37 -0.0042912662447092713
7 37 -0.00071297813354350347
8 37 0.00015650184009699888
22 37 -0.1328059694993371
34 37 0.053830136142248589
35 37 6.4991808763660013e-06
36 37 -0.064123244676077204
37 37 -0.67392927478304576
38 37 -0.005560889263576764
39 37 0.0057157544623497071
41 37 0.00025517746053076509
43 37 0.055461579104501037
44 37 0.31505712187617896
45 37 -5.3992367673842336e-06
46 37 0.30971167740263778
47 37 0.0013126712406256089
48 37 2.232737299200428e-06
12 38 -0.55437961318312157
13 38 0.19529100238887923
14 38 -0.037760582633283274
15 38 -0.0015544444331971317
16 38 0.0061307329452659695
17 38 0.011185698514527163
18 38 0.00074947500431315627
19 38 -0.03908530452892009
20 38 -0.0051043123454201107
22 38 -4.0892231478403856e-05
27 38 0.045026219436821474
29 38 -0.1497920910491973
31 38 7.8819598755363343e-05
32 38 -5.3335394474114237e-06
33 38 2.0255139198032512e-06
34 38 0.010630220286054872
35 38 -2.1400429788375006e-07
36 38 0.1369702604509016
37 38 -0.0056246681966865102
38 38 -0.35393467323764488
39 38 0.04357226964620331
40 38 -0.00055615284808792028
41 38 0.046500845541014996
42 38 0.00065961785030755975
43 38 0.0014422757460711745
44 38 -0.0051048844080449143
45 38 0.00010210126834262129
46 38 0.0027091317012489348
47 38 0.0069737006028119282
48 38 -0.00019972412420262247
29 39 0.062524009558552265
36 39 -0.52248685581513965
37 39 0.073246397503260882
38 39 -0.40619500643559914
39 39 -0.30999833998919624
41 39 0.033560915268177394
44 39 0.042629167806125301
46 39 -0.034152168301442361
47 39 0.0050330369844398815
18 40 -0.32122215502604762
20 40 0.10048334924027953
22 40 0.016751507572459384
31 40 -0.48442233087951769
32 40 0.13345573335201752
33 40 -0.050682374855830055
34 40 -0.0045146291800550881
35 40 0.0053548119023326644
36 40 0.0023483240473075521
37 40 -0.0023462964978466566
38 40 0.00020365111042086121
39 40 -0.0012619991018813555
40 40 -0.3732636933210251
41 40 0.00022908271676883669
42 40 0.044754169251987358
43 40 -0.030258386523553026
44 40 0.0013893697988783718
45 40 0.0026236527395286993
46 40 -0.00070901816586408858
47 40 -0.0024257406855081511
48 40 -0.011771274372261678
6 41 -0.39080899804882274
7 41 -0.064931480386329149
8 41 0.014252745887420204
26 41 -0.26630540356854471
28 41 0.13080591109445941
29 41 -0.32925482869489942
33 41 -0.056839286103236346
35 41 0.0058982639309260168
38 41 0.055631289547382348
39 41 -0.22094607770965874
41 41 -0.34847511870498465
44 41 0.12179308258269426
45 41 0.0024108228004662098
47 41 0.10248521522951486
48 41 -0.00099694349780691453
2 42 -0.13812007513672866
3 42 -0.022705965726778361
4 42 0.0045070024387983895
5 42 -0.0013062327980210406
6 42 -0.00019957223838026807
7 42 -3.3158194787586001e-05
8 42 7.2783697765890768e-06
20 42 -0.11008747099692652
22 42 -0.01835260386900682
32 42 -0.3706822862406563
33 42 0.14077370909281375
34 42 0.0049461339881569626
35 42 -0.014873048394750231
36 42 -0.0025727750657591046
37 42 0.0028128038646079269
38 42 -0.00022311592797666656
39 42 0.0013920554430056228
40 42 -0.35524766350740833
41 42 -0.00019257089581197772
42 42 -0.4582673994983345
43 42 0.042306979556107495
44 42 -0.0012618760049549248
45 42 -0.058893899918846394
46 42 0.043680512448696543
47 42 0.0068634699818575229
48 42 0.18423083636863663
2 43 -0.23664274163774421
3 43 -0.038902396887624147
4 43 0.0077219000397259069
5 43 -0.0022379839442951666
6 43 -0.00034192945231412971
7 43 -5.6810323296777173e-05
8 43 1.2470116142641195e-05
20 43 -0.21490933307321269
22 43 -0.42745315620079005
34 43 0.11520112346565405
35 43 5.1785678884085363e-07
36 43 -0.059922876879101895
37 43 0.060286189302555263
38 43 -0.0051966254103786467
39 43 0.032218968888990784
40 43 -0.012114090472034629
41 43 -0.0057455011712489873
42 43 0.11678888419829492
43 43 -0.38019418182661258
44 43 -0.035007002998845904
45 43 0.018046776732782481
46 43 0.021481966557669839
47 43 -0.00076009197418936921
48 43 0.051090988914555463
4 44 -0.0042293169015359833
5 44 -0.42449231968680423
6 44 -0.3276291033527754
7 44 -0.054434372812684588
8 44 0.011948584548268451
35 44 0.00049619871656216875
37 44 -0.51710279647126101
39 44 -0.22634520209862818
41 44 0.19201020093942278
44 44 -0.2143627083195071
45 44 -0.00041222030981377113
46 44 0.24144427353009548
47 44 0.12609320823965944
48 44 0.00017046477138565256
1 45 -0.10799073640705339
2 45 -0.024246565045099602
3 45 -0.0039859642007951277
4 45 0.00079119076414177459
5 45 -0.00022930525102818697
6 45 -3.5034308041702833e-05
7 45 -5.820821672008312e-06
8 45 -0.0075458228407815908
32 45 -0.054460209704861012
33 45 -0.092454273625269784
35 45 -0.48569440445888323
37 45 4.25262856929581e-05
39 45 1.65636163171664e-06
40 45 -0.0056432967163967049
41 45 1.0253239026778139e-05
42 45 0.16922777638095463
43 45 0.021621548541705005
44 45 4.5692900455261409e-05
45 45 -0.46029899900041293
46 45 0.0087331216746220457
47 45 0.22330610138083579
48 45 0.19188606525848217
2 46 -0.18774890457064033
3 46 -0.29319584850565461
4 46 -0.056661430584427457
5 46 0.016421783661582447
6 46 0.0025089954321340924
7 46 0.00041686038065748922
8 46 -9.150268930716341e-05
22 46 0.00065944568507031811
34 46 -0.00017772446566985512
35 46 -3.7999075800807805e-06
36 46 9.2444942847402092e-05
37 46 -0.37504206209960583
38 46 8.0170005861209155e-06
39 46 -0.014653643040240853
41 46 0.0019041609913361724
42 46 0.024969145266842987
43 46 0.11290042807219478
44 46 0.17062232380617737
45 46 0.00386160047585693
46 46 -0.41314613685286894
47 46 -0.00045954965078799312
48 46 0.061021650010477622
6 47 -0.28521773005479339
7 47 -0.30979496860457711
8 47 0.026832466475488627
26 47 -0.11725703112076762
28 47 0.057595199280421443
29 47 -0.017968589327079613
33 47 -0.025026927167754353
35 47 -0.48118922397474317
38 47 0.0030359943378053052
39 47 -0.0024041657256554327
41 47 0.24447852412435575
44 47 0.080336224097674797
45 47 0.19403836196449986
47 47 -0.30595932129143033
48 47 -0.08024035746144588
1 48 -0.48947292533986758
2 48 -0.52667124004020827
3 48 -0.086581035477968846
4 48 0.017185833130747973
5 48 -0.0049808490679860082
6 48 -0.00076099696703238635
7 48 -0.00012643685249218948
8 48 0.15381896423589939
35 48 0.0063877668797042673
37 48 0.00092373379810931522
39 48 3.5978623483722509e-05
41 48 0.0002227155105318019
42 48 -0.19228157129779311
43 48 0.14850629159875017
44 48 0.00099251735241854622
45 48 -0.47436870611665555
46 48 0.17041710768440266
47 48 -0.0058843766781490814
48 48 -0.11555640897935848


